0.0	5.0
1.0	5.0
2.0	5.0
3.0	5.0
4.0	5.0
5.0	5.0
6.0	5.0
7.0	5.0
8.0	5.0
9.0	5.0
10.0	5.0
11.0	5.0
12.0	5.0
13.0	5.0
14.0	5.0
15.0	5.0
16.0	4.0
17.0	4.0
18.0	4.0
19.0	4.0
20.0	4.0
21.0	4.0
22.0	4.0
23.0	4.0
24.0	4.0
25.0	4.333333333333333
26.0	4.5
27.0	4.6
28.0	4.6
29.0	4.6
30.0	4.666666666666667
31.0	4.666666666666667
32.0	4.666666666666667
33.0	4.666666666666667
34.0	4.666666666666667
35.0	4.666666666666667
36.0	4.666666666666667
37.0	4.666666666666667
38.0	4.666666666666667
39.0	4.666666666666667
40.0	4.666666666666667
41.0	4.666666666666667
42.0	4.666666666666667
43.0	4.666666666666667
44.0	4.666666666666667
45.0	4.666666666666667
46.0	4.666666666666667
47.0	4.666666666666667
48.0	4.666666666666667
49.0	4.666666666666667
50.0	4.666666666666667
51.0	4.666666666666667
52.0	4.666666666666667
53.0	4.666666666666667
54.0	4.666666666666667
55.0	4.428571428571429
56.0	4.428571428571429
57.0	4.428571428571429
58.0	4.428571428571429
59.0	4.428571428571429
60.0	4.428571428571429
61.0	4.428571428571429
62.0	4.428571428571429
63.0	4.428571428571429
64.0	4.428571428571429
65.0	4.428571428571429
66.0	4.428571428571429
67.0	4.428571428571429
68.0	4.428571428571429
69.0	4.428571428571429
70.0	4.428571428571429
71.0	4.428571428571429
72.0	4.428571428571429
73.0	4.428571428571429
74.0	4.428571428571429
75.0	4.428571428571429
76.0	4.428571428571429
77.0	4.428571428571429
78.0	4.428571428571429
79.0	4.428571428571429
80.0	4.428571428571429
81.0	4.428571428571429
82.0	4.0
83.0	4.0
84.0	4.0
85.0	4.0
86.0	4.0
87.0	4.0
88.0	4.0
89.0	4.0
90.0	4.0
91.0	4.0
92.0	3.888888888888889
93.0	3.888888888888889
94.0	3.888888888888889
95.0	4.0
96.0	4.0
97.0	4.0
98.0	4.0
99.0	4.0
100.0	4.0
101.0	4.0
102.0	4.0
103.0	4.0
104.0	4.0
105.0	4.083333333333333
106.0	4.153846153846154
107.0	4.153846153846154
108.0	4.153846153846154
109.0	4.153846153846154
110.0	4.153846153846154
111.0	4.153846153846154
112.0	4.153846153846154
113.0	4.153846153846154
114.0	4.153846153846154
115.0	4.153846153846154
116.0	4.214285714285714
117.0	4.214285714285714
118.0	4.2
119.0	4.2
120.0	4.2
121.0	4.2
122.0	4.2
123.0	4.2
124.0	4.2
125.0	4.1875
126.0	4.1875
127.0	4.1875
128.0	4.1875
129.0	4.1875
130.0	4.1875
131.0	4.176470588235294
132.0	4.176470588235294
133.0	4.176470588235294
134.0	4.176470588235294
135.0	4.176470588235294
136.0	4.176470588235294
137.0	4.176470588235294
138.0	4.176470588235294
139.0	4.111111111111111
140.0	4.111111111111111
141.0	4.111111111111111
142.0	4.111111111111111
143.0	4.105263157894737
144.0	4.105263157894737
145.0	4.15
146.0	4.15
147.0	4.15
148.0	4.15
149.0	4.15
150.0	4.15
151.0	4.190476190476191
152.0	4.190476190476191
153.0	4.190476190476191
154.0	4.190476190476191
155.0	4.2272727272727275
156.0	4.2272727272727275
157.0	4.2272727272727275
158.0	4.2272727272727275
159.0	4.2272727272727275
160.0	4.2272727272727275
161.0	4.217391304347826
162.0	4.217391304347826
163.0	4.217391304347826
164.0	4.217391304347826
165.0	4.217391304347826
166.0	4.217391304347826
167.0	4.217391304347826
168.0	4.217391304347826
169.0	4.217391304347826
170.0	4.217391304347826
171.0	4.217391304347826
172.0	4.217391304347826
173.0	4.217391304347826
174.0	4.217391304347826
175.0	4.217391304347826
176.0	4.25
177.0	4.25
178.0	4.25
179.0	4.25
180.0	4.28
181.0	4.28
182.0	4.28
183.0	4.28
184.0	4.28
185.0	4.28
186.0	4.28
187.0	4.28
188.0	4.28
189.0	4.28
190.0	4.28
191.0	4.28
192.0	4.28
193.0	4.3076923076923075
194.0	4.3076923076923075
195.0	4.3076923076923075
196.0	4.3076923076923075
197.0	4.3076923076923075
198.0	4.3076923076923075
199.0	4.3076923076923075
200.0	4.3076923076923075
201.0	4.3076923076923075
202.0	4.3076923076923075
203.0	4.3076923076923075
204.0	4.3076923076923075
205.0	4.3076923076923075
206.0	4.3076923076923075
207.0	4.3076923076923075
208.0	4.3076923076923075
209.0	4.3076923076923075
210.0	4.3076923076923075
211.0	4.3076923076923075
212.0	4.3076923076923075
213.0	4.3076923076923075
214.0	4.3076923076923075
215.0	4.3076923076923075
216.0	4.3076923076923075
217.0	4.3076923076923075
218.0	4.3076923076923075
219.0	4.3076923076923075
220.0	4.333333333333333
221.0	4.333333333333333
222.0	4.333333333333333
223.0	4.333333333333333
224.0	4.333333333333333
225.0	4.333333333333333
226.0	4.333333333333333
227.0	4.333333333333333
228.0	4.333333333333333
229.0	4.333333333333333
230.0	4.333333333333333
231.0	4.285714285714286
232.0	4.285714285714286
233.0	4.285714285714286
234.0	4.285714285714286
235.0	4.285714285714286
236.0	4.285714285714286
237.0	4.285714285714286
238.0	4.285714285714286
239.0	4.285714285714286
240.0	4.285714285714286
241.0	4.285714285714286
242.0	4.285714285714286
243.0	4.206896551724138
244.0	4.206896551724138
245.0	4.206896551724138
246.0	4.206896551724138
247.0	4.206896551724138
248.0	4.206896551724138
249.0	4.206896551724138
250.0	4.206896551724138
251.0	4.206896551724138
252.0	4.206896551724138
253.0	4.206896551724138
254.0	4.206896551724138
255.0	4.206896551724138
256.0	4.206896551724138
257.0	4.206896551724138
258.0	4.166666666666667
259.0	4.161290322580645
260.0	4.161290322580645
261.0	4.161290322580645
262.0	4.161290322580645
263.0	4.161290322580645
264.0	4.161290322580645
265.0	4.161290322580645
266.0	4.161290322580645
267.0	4.161290322580645
268.0	4.161290322580645
269.0	4.161290322580645
270.0	4.161290322580645
271.0	4.161290322580645
272.0	4.161290322580645
273.0	4.15625
274.0	4.15625
275.0	4.15625
276.0	4.15625
277.0	4.15625
278.0	4.15625
279.0	4.15625
280.0	4.15625
281.0	4.15625
282.0	4.121212121212121
283.0	4.121212121212121
284.0	4.121212121212121
285.0	4.121212121212121
286.0	4.121212121212121
287.0	4.121212121212121
288.0	4.121212121212121
289.0	4.121212121212121
290.0	4.121212121212121
291.0	4.121212121212121
292.0	4.121212121212121
293.0	4.121212121212121
294.0	4.121212121212121
295.0	4.121212121212121
296.0	4.121212121212121
297.0	4.117647058823529
298.0	4.117647058823529
299.0	4.117647058823529
300.0	4.117647058823529
301.0	4.117647058823529
302.0	4.117647058823529
303.0	4.117647058823529
304.0	4.117647058823529
305.0	4.117647058823529
306.0	4.117647058823529
307.0	4.117647058823529
308.0	4.117647058823529
309.0	4.117647058823529
310.0	4.117647058823529
311.0	4.117647058823529
312.0	4.117647058823529
313.0	4.117647058823529
314.0	4.117647058823529
315.0	4.117647058823529
316.0	4.117647058823529
317.0	4.142857142857143
318.0	4.142857142857143
319.0	4.142857142857143
320.0	4.142857142857143
321.0	4.142857142857143
322.0	4.142857142857143
323.0	4.111111111111111
324.0	4.111111111111111
325.0	4.111111111111111
326.0	4.111111111111111
327.0	4.111111111111111
328.0	4.111111111111111
329.0	4.111111111111111
330.0	4.111111111111111
331.0	4.108108108108108
332.0	4.108108108108108
333.0	4.108108108108108
334.0	4.108108108108108
335.0	4.108108108108108
336.0	4.108108108108108
337.0	4.108108108108108
338.0	4.108108108108108
339.0	4.108108108108108
340.0	4.108108108108108
341.0	4.108108108108108
342.0	4.108108108108108
343.0	4.108108108108108
344.0	4.108108108108108
345.0	4.108108108108108
346.0	4.108108108108108
347.0	4.108108108108108
348.0	4.108108108108108
349.0	4.108108108108108
350.0	4.108108108108108
351.0	4.108108108108108
352.0	4.108108108108108
353.0	4.078947368421052
354.0	4.078947368421052
355.0	4.078947368421052
356.0	4.078947368421052
357.0	4.078947368421052
358.0	4.078947368421052
359.0	4.078947368421052
360.0	4.078947368421052
361.0	4.102564102564102
362.0	4.102564102564102
363.0	4.102564102564102
364.0	4.102564102564102
365.0	4.102564102564102
366.0	4.102564102564102
367.0	4.102564102564102
368.0	4.102564102564102
369.0	4.102564102564102
370.0	4.102564102564102
371.0	4.102564102564102
372.0	4.1
373.0	4.1
374.0	4.121951219512195
375.0	4.121951219512195
376.0	4.121951219512195
377.0	4.121951219512195
378.0	4.121951219512195
379.0	4.121951219512195
380.0	4.121951219512195
381.0	4.121951219512195
382.0	4.121951219512195
383.0	4.121951219512195
384.0	4.142857142857143
385.0	4.142857142857143
386.0	4.142857142857143
387.0	4.142857142857143
388.0	4.1395348837209305
389.0	4.1395348837209305
390.0	4.159090909090909
391.0	4.159090909090909
392.0	4.159090909090909
393.0	4.159090909090909
394.0	4.159090909090909
395.0	4.159090909090909
396.0	4.159090909090909
397.0	4.159090909090909
398.0	4.159090909090909
399.0	4.155555555555556
400.0	4.1521739130434785
401.0	4.148936170212766
402.0	4.166666666666667
403.0	4.166666666666667
404.0	4.166666666666667
405.0	4.166666666666667
406.0	4.166666666666667
407.0	4.166666666666667
408.0	4.166666666666667
409.0	4.166666666666667
410.0	4.166666666666667
411.0	4.166666666666667
412.0	4.166666666666667
413.0	4.166666666666667
414.0	4.166666666666667
415.0	4.166666666666667
416.0	4.166666666666667
417.0	4.166666666666667
418.0	4.166666666666667
419.0	4.166666666666667
420.0	4.166666666666667
421.0	4.166666666666667
422.0	4.163265306122449
423.0	4.163265306122449
424.0	4.163265306122449
425.0	4.163265306122449
426.0	4.163265306122449
427.0	4.163265306122449
428.0	4.163265306122449
429.0	4.163265306122449
430.0	4.163265306122449
431.0	4.163265306122449
432.0	4.163265306122449
433.0	4.163265306122449
434.0	4.163265306122449
435.0	4.163265306122449
436.0	4.163265306122449
437.0	4.163265306122449
438.0	4.163265306122449
439.0	4.163265306122449
440.0	4.163265306122449
441.0	4.163265306122449
442.0	4.163265306122449
443.0	4.163265306122449
444.0	4.163265306122449
445.0	4.163265306122449
446.0	4.14
447.0	4.14
448.0	4.14
449.0	4.14
450.0	4.14
451.0	4.14
452.0	4.14
453.0	4.14
454.0	4.14
455.0	4.14
456.0	4.14
457.0	4.0588235294117645
458.0	4.0588235294117645
459.0	4.0588235294117645
460.0	4.0588235294117645
461.0	4.0588235294117645
462.0	4.0588235294117645
463.0	4.076923076923077
464.0	4.076923076923077
465.0	4.076923076923077
466.0	4.076923076923077
467.0	4.076923076923077
468.0	4.0754716981132075
469.0	4.0754716981132075
470.0	4.0754716981132075
471.0	4.0754716981132075
472.0	4.0754716981132075
473.0	4.0754716981132075
474.0	4.0754716981132075
475.0	4.0754716981132075
476.0	4.0754716981132075
477.0	4.0754716981132075
478.0	4.0
479.0	4.0
480.0	4.0
481.0	4.0
482.0	4.0
483.0	4.0
484.0	4.0
485.0	4.0181818181818185
486.0	4.0181818181818185
487.0	4.0181818181818185
488.0	4.0181818181818185
489.0	4.0181818181818185
490.0	4.0181818181818185
491.0	4.0181818181818185
492.0	4.0181818181818185
493.0	4.0181818181818185
494.0	4.0181818181818185
495.0	4.0181818181818185
496.0	4.0181818181818185
497.0	4.0181818181818185
498.0	4.0181818181818185
499.0	4.0181818181818185
500.0	4.0181818181818185
501.0	4.0181818181818185
502.0	4.035714285714286
503.0	4.035714285714286
504.0	4.035714285714286
505.0	4.035714285714286
506.0	4.035714285714286
507.0	4.035714285714286
508.0	4.035714285714286
509.0	4.035714285714286
510.0	4.035714285714286
511.0	4.035087719298246
512.0	4.035087719298246
513.0	4.035087719298246
514.0	4.035087719298246
515.0	4.035087719298246
516.0	4.035087719298246
517.0	4.035087719298246
518.0	4.035087719298246
519.0	4.035087719298246
520.0	4.051724137931035
521.0	4.051724137931035
522.0	4.051724137931035
523.0	4.051724137931035
524.0	4.051724137931035
525.0	4.051724137931035
526.0	4.051724137931035
527.0	4.051724137931035
528.0	4.051724137931035
529.0	4.051724137931035
530.0	4.051724137931035
531.0	4.051724137931035
532.0	4.051724137931035
533.0	4.051724137931035
534.0	4.051724137931035
535.0	4.051724137931035
536.0	4.051724137931035
537.0	4.051724137931035
538.0	4.051724137931035
539.0	4.051724137931035
540.0	4.051724137931035
541.0	4.051724137931035
542.0	4.051724137931035
543.0	4.051724137931035
544.0	4.051724137931035
545.0	4.051724137931035
546.0	4.051724137931035
547.0	4.051724137931035
548.0	4.033898305084746
549.0	4.033898305084746
550.0	4.016666666666667
551.0	4.016666666666667
552.0	4.016666666666667
553.0	4.016666666666667
554.0	4.016666666666667
555.0	4.016666666666667
556.0	4.016666666666667
557.0	4.016666666666667
558.0	4.016666666666667
559.0	4.016666666666667
560.0	4.016666666666667
561.0	4.016666666666667
562.0	4.016666666666667
563.0	4.016393442622951
564.0	4.016393442622951
565.0	4.016393442622951
566.0	4.032258064516129
567.0	4.032258064516129
568.0	4.032258064516129
569.0	4.032258064516129
570.0	4.032258064516129
571.0	4.031746031746032
572.0	4.0
573.0	4.0
574.0	4.0
575.0	4.0
576.0	4.0
577.0	4.0
578.0	4.0
579.0	4.0
580.0	4.0
581.0	4.0
582.0	4.0
583.0	4.0
584.0	4.0
585.0	4.0
586.0	4.0
587.0	4.0
588.0	4.015384615384615
589.0	4.015384615384615
590.0	4.015384615384615
591.0	4.015384615384615
592.0	4.015384615384615
593.0	4.015384615384615
594.0	4.015384615384615
595.0	4.015384615384615
596.0	3.984848484848485
597.0	3.984848484848485
598.0	3.984848484848485
599.0	3.984848484848485
600.0	3.984848484848485
601.0	3.984848484848485
602.0	3.984848484848485
603.0	3.984848484848485
604.0	3.984848484848485
605.0	3.984848484848485
606.0	3.984848484848485
607.0	3.984848484848485
608.0	3.984848484848485
609.0	3.984848484848485
610.0	3.984848484848485
611.0	3.984848484848485
612.0	3.984848484848485
613.0	3.984848484848485
614.0	3.984848484848485
615.0	3.984848484848485
616.0	3.985074626865672
617.0	3.985074626865672
618.0	3.985074626865672
619.0	3.985074626865672
620.0	3.9705882352941178
621.0	3.9705882352941178
622.0	3.9565217391304346
623.0	3.9565217391304346
624.0	3.9565217391304346
625.0	3.9565217391304346
626.0	3.9565217391304346
627.0	3.9565217391304346
628.0	3.9565217391304346
629.0	3.9565217391304346
630.0	3.9565217391304346
631.0	3.9565217391304346
632.0	3.9565217391304346
633.0	3.9565217391304346
634.0	3.942857142857143
635.0	3.942857142857143
636.0	3.942857142857143
637.0	3.942857142857143
638.0	3.942857142857143
639.0	3.942857142857143
640.0	3.942857142857143
641.0	3.942857142857143
642.0	3.942857142857143
643.0	3.9577464788732395
644.0	3.9577464788732395
645.0	3.9577464788732395
646.0	3.9444444444444446
647.0	3.9444444444444446
648.0	3.9444444444444446
649.0	3.9444444444444446
650.0	3.9444444444444446
651.0	3.9444444444444446
652.0	3.9452054794520546
653.0	3.945945945945946
654.0	3.945945945945946
655.0	3.945945945945946
656.0	3.945945945945946
657.0	3.945945945945946
658.0	3.945945945945946
659.0	3.945945945945946
660.0	3.945945945945946
661.0	3.945945945945946
662.0	3.945945945945946
663.0	3.945945945945946
664.0	3.945945945945946
665.0	3.945945945945946
666.0	3.945945945945946
667.0	3.945945945945946
668.0	3.945945945945946
669.0	3.945945945945946
670.0	3.945945945945946
671.0	3.945945945945946
672.0	3.945945945945946
673.0	3.945945945945946
674.0	3.945945945945946
675.0	3.945945945945946
676.0	3.945945945945946
677.0	3.945945945945946
678.0	3.96
679.0	3.96
680.0	3.96
681.0	3.96
682.0	3.96
683.0	3.96
684.0	3.96
685.0	3.96
686.0	3.9210526315789473
687.0	3.9210526315789473
688.0	3.9210526315789473
689.0	3.9210526315789473
690.0	3.9210526315789473
691.0	3.9210526315789473
692.0	3.9210526315789473
693.0	3.9210526315789473
694.0	3.9210526315789473
695.0	3.9210526315789473
696.0	3.9220779220779223
697.0	3.9220779220779223
698.0	3.9220779220779223
699.0	3.9220779220779223
700.0	3.9220779220779223
701.0	3.9220779220779223
702.0	3.9220779220779223
703.0	3.9220779220779223
704.0	3.9220779220779223
705.0	3.9220779220779223
706.0	3.9220779220779223
707.0	3.9220779220779223
708.0	3.923076923076923
709.0	3.923076923076923
710.0	3.923076923076923
711.0	3.923076923076923
712.0	3.923076923076923
713.0	3.923076923076923
714.0	3.923076923076923
715.0	3.923076923076923
716.0	3.923076923076923
717.0	3.923076923076923
718.0	3.923076923076923
719.0	3.923076923076923
720.0	3.9240506329113924
721.0	3.9240506329113924
722.0	3.9240506329113924
723.0	3.9
724.0	3.9
725.0	3.9
726.0	3.9
727.0	3.9
728.0	3.9
729.0	3.888888888888889
730.0	3.888888888888889
731.0	3.888888888888889
732.0	3.888888888888889
733.0	3.888888888888889
734.0	3.888888888888889
735.0	3.888888888888889
736.0	3.888888888888889
737.0	3.888888888888889
738.0	3.888888888888889
739.0	3.888888888888889
740.0	3.888888888888889
741.0	3.888888888888889
742.0	3.888888888888889
743.0	3.888888888888889
744.0	3.888888888888889
745.0	3.888888888888889
746.0	3.888888888888889
747.0	3.888888888888889
748.0	3.888888888888889
749.0	3.888888888888889
750.0	3.902439024390244
751.0	3.902439024390244
752.0	3.902439024390244
753.0	3.902439024390244
754.0	3.902439024390244
755.0	3.902439024390244
756.0	3.9156626506024095
757.0	3.9156626506024095
758.0	3.9156626506024095
759.0	3.9156626506024095
760.0	3.9156626506024095
761.0	3.9156626506024095
762.0	3.9156626506024095
763.0	3.9156626506024095
764.0	3.9156626506024095
765.0	3.9156626506024095
766.0	3.9156626506024095
767.0	3.9047619047619047
768.0	3.9047619047619047
769.0	3.9047619047619047
770.0	3.9047619047619047
771.0	3.9176470588235293
772.0	3.9176470588235293
773.0	3.9176470588235293
774.0	3.9302325581395348
775.0	3.942528735632184
776.0	3.942528735632184
777.0	3.942528735632184
778.0	3.942528735632184
779.0	3.942528735632184
780.0	3.942528735632184
781.0	3.942528735632184
782.0	3.942528735632184
783.0	3.942528735632184
784.0	3.942528735632184
785.0	3.942528735632184
786.0	3.942528735632184
787.0	3.942528735632184
788.0	3.942528735632184
789.0	3.942528735632184
790.0	3.942528735632184
791.0	3.942528735632184
792.0	3.942528735632184
793.0	3.942528735632184
794.0	3.942528735632184
795.0	3.942528735632184
796.0	3.942528735632184
797.0	3.942528735632184
798.0	3.942528735632184
799.0	3.942528735632184
800.0	3.942528735632184
801.0	3.942528735632184
802.0	3.942528735632184
803.0	3.942528735632184
804.0	3.942528735632184
805.0	3.942528735632184
806.0	3.942528735632184
807.0	3.942528735632184
808.0	3.942528735632184
809.0	3.9318181818181817
810.0	3.9318181818181817
811.0	3.9318181818181817
812.0	3.9318181818181817
813.0	3.943820224719101
814.0	3.943820224719101
815.0	3.9444444444444446
816.0	3.9444444444444446
817.0	3.9444444444444446
818.0	3.934065934065934
819.0	3.934065934065934
820.0	3.934065934065934
821.0	3.934065934065934
822.0	3.934065934065934
823.0	3.934065934065934
824.0	3.934065934065934
825.0	3.934065934065934
826.0	3.934065934065934
827.0	3.934065934065934
828.0	3.934065934065934
829.0	3.934065934065934
830.0	3.934065934065934
831.0	3.934065934065934
832.0	3.934065934065934
833.0	3.934065934065934
834.0	3.934065934065934
835.0	3.934065934065934
836.0	3.934065934065934
837.0	3.934065934065934
838.0	3.934065934065934
839.0	3.934065934065934
840.0	3.934065934065934
841.0	3.934065934065934
842.0	3.934065934065934
843.0	3.934065934065934
844.0	3.934065934065934
845.0	3.934065934065934
846.0	3.934065934065934
847.0	3.934065934065934
848.0	3.934065934065934
849.0	3.934065934065934
850.0	3.934065934065934
851.0	3.934065934065934
852.0	3.934065934065934
853.0	3.934065934065934
854.0	3.9347826086956523
855.0	3.9347826086956523
856.0	3.9347826086956523
857.0	3.9347826086956523
858.0	3.9347826086956523
859.0	3.9347826086956523
860.0	3.9347826086956523
861.0	3.9347826086956523
862.0	3.9347826086956523
863.0	3.9347826086956523
864.0	3.9347826086956523
865.0	3.946236559139785
866.0	3.946236559139785
867.0	3.946236559139785
868.0	3.946236559139785
869.0	3.946236559139785
870.0	3.946236559139785
871.0	3.946236559139785
872.0	3.946236559139785
873.0	3.946236559139785
874.0	3.946236559139785
875.0	3.946236559139785
876.0	3.9574468085106385
877.0	3.9574468085106385
878.0	3.9574468085106385
879.0	3.9574468085106385
880.0	3.9574468085106385
881.0	3.9574468085106385
882.0	3.968421052631579
883.0	3.968421052631579
884.0	3.968421052631579
885.0	3.968421052631579
886.0	3.968421052631579
887.0	3.968421052631579
888.0	3.9583333333333335
889.0	3.9583333333333335
890.0	3.9583333333333335
891.0	3.9690721649484537
892.0	3.979591836734694
893.0	3.979591836734694
894.0	3.979591836734694
895.0	3.979591836734694
896.0	3.979591836734694
897.0	3.979591836734694
898.0	3.979591836734694
899.0	3.979591836734694
900.0	3.98989898989899
901.0	3.98989898989899
902.0	3.98989898989899
903.0	3.98989898989899
904.0	3.98989898989899
905.0	4.0
906.0	4.0
907.0	4.0
908.0	4.0
909.0	4.0
910.0	4.0
911.0	4.0
912.0	4.0
913.0	4.0
914.0	4.0
915.0	4.0
916.0	4.0
917.0	4.0
918.0	4.0
919.0	4.0
920.0	4.0
921.0	4.0
922.0	4.0
923.0	4.0
924.0	4.0
925.0	4.0
926.0	4.0
927.0	4.0
928.0	4.0
929.0	4.0
930.0	4.0
931.0	4.0
932.0	4.0
933.0	4.0
934.0	4.0
935.0	4.0
936.0	4.0
937.0	4.0
938.0	4.0
939.0	4.0
940.0	4.0
941.0	4.0
942.0	4.0
943.0	4.0
944.0	4.0
945.0	4.0
946.0	3.980392156862745
947.0	3.980392156862745
948.0	3.980392156862745
949.0	3.980392156862745
950.0	3.980392156862745
951.0	3.980392156862745
952.0	3.980392156862745
953.0	3.980392156862745
954.0	3.9514563106796117
955.0	3.9514563106796117
956.0	3.9514563106796117
957.0	3.9514563106796117
958.0	3.9326923076923075
959.0	3.9326923076923075
960.0	3.9326923076923075
961.0	3.9326923076923075
962.0	3.9326923076923075
963.0	3.914285714285714
964.0	3.914285714285714
965.0	3.914285714285714
966.0	3.914285714285714
967.0	3.914285714285714
968.0	3.914285714285714
969.0	3.914285714285714
970.0	3.914285714285714
971.0	3.914285714285714
972.0	3.914285714285714
973.0	3.914285714285714
974.0	3.914285714285714
975.0	3.914285714285714
976.0	3.914285714285714
977.0	3.914285714285714
978.0	3.9245283018867925
979.0	3.9245283018867925
980.0	3.9245283018867925
981.0	3.9245283018867925
982.0	3.9245283018867925
983.0	3.9245283018867925
984.0	3.9345794392523366
985.0	3.9345794392523366
986.0	3.9345794392523366
987.0	3.9345794392523366
988.0	3.9345794392523366
989.0	3.9444444444444446
990.0	3.9444444444444446
991.0	3.9444444444444446
992.0	3.9444444444444446
993.0	3.9444444444444446
994.0	3.9444444444444446
995.0	3.9444444444444446
996.0	3.9444444444444446
997.0	3.9444444444444446
998.0	3.9444444444444446
999.0	3.9444444444444446
1000.0	3.9444444444444446
1001.0	3.9174311926605503
1002.0	3.9174311926605503
1003.0	3.9174311926605503
1004.0	3.9174311926605503
1005.0	3.9174311926605503
1006.0	3.9174311926605503
1007.0	3.9174311926605503
1008.0	3.909090909090909
1009.0	3.909090909090909
1010.0	3.918918918918919
1011.0	3.918918918918919
1012.0	3.918918918918919
1013.0	3.918918918918919
1014.0	3.918918918918919
1015.0	3.918918918918919
1016.0	3.918918918918919
1017.0	3.918918918918919
1018.0	3.918918918918919
1019.0	3.918918918918919
1020.0	3.918918918918919
1021.0	3.918918918918919
1022.0	3.918918918918919
1023.0	3.918918918918919
1024.0	3.918918918918919
1025.0	3.9107142857142856
1026.0	3.9107142857142856
1027.0	3.9107142857142856
1028.0	3.9107142857142856
1029.0	3.9026548672566372
1030.0	3.9026548672566372
1031.0	3.9026548672566372
1032.0	3.9026548672566372
1033.0	3.9026548672566372
1034.0	3.9026548672566372
1035.0	3.9026548672566372
1036.0	3.9026548672566372
1037.0	3.9026548672566372
1038.0	3.9026548672566372
1039.0	3.9026548672566372
1040.0	3.9026548672566372
1041.0	3.9026548672566372
1042.0	3.9026548672566372
1043.0	3.912280701754386
1044.0	3.912280701754386
1045.0	3.912280701754386
1046.0	3.912280701754386
1047.0	3.912280701754386
1048.0	3.912280701754386
1049.0	3.912280701754386
1050.0	3.912280701754386
1051.0	3.912280701754386
1052.0	3.912280701754386
1053.0	3.912280701754386
1054.0	3.912280701754386
1055.0	3.912280701754386
1056.0	3.9130434782608696
1057.0	3.9130434782608696
1058.0	3.9130434782608696
1059.0	3.9130434782608696
1060.0	3.9130434782608696
1061.0	3.9130434782608696
1062.0	3.9130434782608696
1063.0	3.9130434782608696
1064.0	3.9130434782608696
1065.0	3.9130434782608696
1066.0	3.9130434782608696
1067.0	3.9130434782608696
1068.0	3.9130434782608696
1069.0	3.9130434782608696
1070.0	3.9130434782608696
1071.0	3.896551724137931
1072.0	3.896551724137931
1073.0	3.896551724137931
1074.0	3.896551724137931
1075.0	3.896551724137931
1076.0	3.896551724137931
1077.0	3.896551724137931
1078.0	3.896551724137931
1079.0	3.896551724137931
1080.0	3.896551724137931
1081.0	3.896551724137931
1082.0	3.896551724137931
1083.0	3.896551724137931
1084.0	3.896551724137931
1085.0	3.896551724137931
1086.0	3.896551724137931
1087.0	3.905982905982906
1088.0	3.905982905982906
1089.0	3.905982905982906
1090.0	3.905982905982906
1091.0	3.905982905982906
1092.0	3.905982905982906
1093.0	3.9152542372881354
1094.0	3.9152542372881354
1095.0	3.9152542372881354
1096.0	3.9152542372881354
1097.0	3.9152542372881354
1098.0	3.9152542372881354
1099.0	3.9152542372881354
1100.0	3.9152542372881354
1101.0	3.9152542372881354
1102.0	3.9152542372881354
1103.0	3.9152542372881354
1104.0	3.9152542372881354
1105.0	3.9243697478991595
1106.0	3.9243697478991595
1107.0	3.9243697478991595
1108.0	3.9243697478991595
1109.0	3.9243697478991595
1110.0	3.9243697478991595
1111.0	3.9243697478991595
1112.0	3.9243697478991595
1113.0	3.9243697478991595
1114.0	3.9243697478991595
1115.0	3.9243697478991595
1116.0	3.9243697478991595
1117.0	3.925
1118.0	3.925
1119.0	3.925
1120.0	3.925
1121.0	3.925
1122.0	3.925
1123.0	3.925
1124.0	3.925
1125.0	3.925
1126.0	3.925
1127.0	3.925
1128.0	3.925
1129.0	3.925619834710744
1130.0	3.925619834710744
1131.0	3.925619834710744
1132.0	3.9098360655737703
1133.0	3.9098360655737703
1134.0	3.9098360655737703
1135.0	3.9098360655737703
1136.0	3.9098360655737703
1137.0	3.894308943089431
1138.0	3.894308943089431
1139.0	3.894308943089431
1140.0	3.894308943089431
1141.0	3.903225806451613
1142.0	3.903225806451613
1143.0	3.903225806451613
1144.0	3.903225806451613
1145.0	3.903225806451613
1146.0	3.903225806451613
1147.0	3.903225806451613
1148.0	3.896
1149.0	3.896
1150.0	3.896
1151.0	3.9047619047619047
1152.0	3.9047619047619047
1153.0	3.9047619047619047
1154.0	3.9047619047619047
1155.0	3.9047619047619047
1156.0	3.9047619047619047
1157.0	3.9047619047619047
1158.0	3.9047619047619047
1159.0	3.9047619047619047
1160.0	3.9047619047619047
1161.0	3.905511811023622
1162.0	3.905511811023622
1163.0	3.905511811023622
1164.0	3.905511811023622
1165.0	3.905511811023622
1166.0	3.905511811023622
1167.0	3.905511811023622
1168.0	3.905511811023622
1169.0	3.905511811023622
1170.0	3.905511811023622
1171.0	3.905511811023622
1172.0	3.905511811023622
1173.0	3.905511811023622
1174.0	3.8828125
1175.0	3.8828125
1176.0	3.8828125
1177.0	3.8828125
1178.0	3.8828125
1179.0	3.8828125
1180.0	3.883720930232558
1181.0	3.883720930232558
1182.0	3.883720930232558
1183.0	3.8846153846153846
1184.0	3.8846153846153846
1185.0	3.8846153846153846
1186.0	3.8846153846153846
1187.0	3.8846153846153846
1188.0	3.8846153846153846
1189.0	3.8846153846153846
1190.0	3.8846153846153846
1191.0	3.8846153846153846
1192.0	3.8846153846153846
1193.0	3.8846153846153846
1194.0	3.8846153846153846
1195.0	3.8846153846153846
1196.0	3.8846153846153846
1197.0	3.8846153846153846
1198.0	3.8846153846153846
1199.0	3.8846153846153846
1200.0	3.8846153846153846
1201.0	3.8846153846153846
1202.0	3.8846153846153846
1203.0	3.8846153846153846
1204.0	3.8846153846153846
1205.0	3.8846153846153846
1206.0	3.8846153846153846
1207.0	3.8846153846153846
1208.0	3.8846153846153846
1209.0	3.8846153846153846
1210.0	3.8846153846153846
1211.0	3.8846153846153846
1212.0	3.8846153846153846
1213.0	3.8846153846153846
1214.0	3.8846153846153846
1215.0	3.8846153846153846
1216.0	3.8846153846153846
1217.0	3.8846153846153846
1218.0	3.885496183206107
1219.0	3.885496183206107
1220.0	3.885496183206107
1221.0	3.885496183206107
1222.0	3.885496183206107
1223.0	3.885496183206107
1224.0	3.885496183206107
1225.0	3.885496183206107
1226.0	3.885496183206107
1227.0	3.885496183206107
1228.0	3.885496183206107
1229.0	3.885496183206107
1230.0	3.885496183206107
1231.0	3.885496183206107
1232.0	3.885496183206107
1233.0	3.885496183206107
1234.0	3.885496183206107
1235.0	3.885496183206107
1236.0	3.885496183206107
1237.0	3.885496183206107
1238.0	3.893939393939394
1239.0	3.893939393939394
1240.0	3.893939393939394
1241.0	3.893939393939394
1242.0	3.893939393939394
1243.0	3.893939393939394
1244.0	3.893939393939394
1245.0	3.893939393939394
1246.0	3.893939393939394
1247.0	3.893939393939394
1248.0	3.893939393939394
1249.0	3.893939393939394
1250.0	3.893939393939394
1251.0	3.9022556390977443
1252.0	3.9022556390977443
1253.0	3.9022556390977443
1254.0	3.9022556390977443
1255.0	3.9022556390977443
1256.0	3.9022556390977443
1257.0	3.9022556390977443
1258.0	3.9022556390977443
1259.0	3.9022556390977443
1260.0	3.9022556390977443
1261.0	3.9022556390977443
1262.0	3.9022556390977443
1263.0	3.9022556390977443
1264.0	3.9022556390977443
1265.0	3.9022556390977443
1266.0	3.9022556390977443
1267.0	3.9022556390977443
1268.0	3.9022556390977443
1269.0	3.9022556390977443
1270.0	3.9022556390977443
1271.0	3.9022556390977443
1272.0	3.9022556390977443
1273.0	3.9022556390977443
1274.0	3.9022556390977443
1275.0	3.91044776119403
1276.0	3.91044776119403
1277.0	3.91044776119403
1278.0	3.91044776119403
1279.0	3.91044776119403
1280.0	3.91044776119403
1281.0	3.9185185185185185
1282.0	3.9185185185185185
1283.0	3.9185185185185185
1284.0	3.9185185185185185
1285.0	3.9185185185185185
1286.0	3.9185185185185185
1287.0	3.9185185185185185
1288.0	3.9185185185185185
1289.0	3.9185185185185185
1290.0	3.9185185185185185
1291.0	3.9185185185185185
1292.0	3.9185185185185185
1293.0	3.9185185185185185
1294.0	3.9185185185185185
1295.0	3.9185185185185185
1296.0	3.9185185185185185
1297.0	3.926470588235294
1298.0	3.926470588235294
1299.0	3.926470588235294
1300.0	3.926470588235294
1301.0	3.926470588235294
1302.0	3.926470588235294
1303.0	3.926470588235294
1304.0	3.926470588235294
1305.0	3.926470588235294
1306.0	3.926470588235294
1307.0	3.926470588235294
1308.0	3.926470588235294
1309.0	3.926470588235294
1310.0	3.926470588235294
1311.0	3.926470588235294
1312.0	3.926470588235294
1313.0	3.926470588235294
1314.0	3.926470588235294
1315.0	3.926470588235294
1316.0	3.934306569343066
1317.0	3.934306569343066
1318.0	3.934306569343066
1319.0	3.934306569343066
1320.0	3.934306569343066
1321.0	3.934306569343066
1322.0	3.934306569343066
1323.0	3.934306569343066
1324.0	3.934306569343066
1325.0	3.934306569343066
1326.0	3.934306569343066
1327.0	3.934306569343066
1328.0	3.934306569343066
1329.0	3.934306569343066
1330.0	3.934306569343066
1331.0	3.934306569343066
1332.0	3.934306569343066
1333.0	3.934306569343066
1334.0	3.934306569343066
1335.0	3.934306569343066
1336.0	3.934306569343066
1337.0	3.934306569343066
1338.0	3.934306569343066
1339.0	3.934306569343066
1340.0	3.934306569343066
1341.0	3.934306569343066
1342.0	3.934306569343066
1343.0	3.934306569343066
1344.0	3.934306569343066
1345.0	3.934306569343066
1346.0	3.934306569343066
1347.0	3.934306569343066
1348.0	3.934306569343066
1349.0	3.934306569343066
1350.0	3.934306569343066
1351.0	3.934306569343066
1352.0	3.934306569343066
1353.0	3.934306569343066
1354.0	3.934306569343066
1355.0	3.934306569343066
1356.0	3.934306569343066
1357.0	3.934306569343066
1358.0	3.934306569343066
1359.0	3.934306569343066
1360.0	3.9420289855072466
1361.0	3.9420289855072466
1362.0	3.9420289855072466
1363.0	3.9420289855072466
1364.0	3.9420289855072466
1365.0	3.9420289855072466
1366.0	3.935251798561151
1367.0	3.935251798561151
1368.0	3.935251798561151
1369.0	3.935251798561151
1370.0	3.935251798561151
1371.0	3.935251798561151
1372.0	3.935251798561151
1373.0	3.9285714285714284
1374.0	3.9285714285714284
1375.0	3.9285714285714284
1376.0	3.9285714285714284
1377.0	3.9285714285714284
1378.0	3.9285714285714284
1379.0	3.9285714285714284
1380.0	3.9285714285714284
1381.0	3.9285714285714284
1382.0	3.9148936170212765
1383.0	3.9148936170212765
1384.0	3.9148936170212765
1385.0	3.9148936170212765
1386.0	3.9148936170212765
1387.0	3.915492957746479
1388.0	3.915492957746479
1389.0	3.9160839160839163
1390.0	3.9160839160839163
1391.0	3.9160839160839163
1392.0	3.9097222222222223
1393.0	3.9097222222222223
1394.0	3.9097222222222223
1395.0	3.9097222222222223
1396.0	3.9097222222222223
1397.0	3.9097222222222223
1398.0	3.9097222222222223
1399.0	3.9097222222222223
1400.0	3.9097222222222223
1401.0	3.9097222222222223
1402.0	3.9097222222222223
1403.0	3.9097222222222223
1404.0	3.9097222222222223
1405.0	3.9097222222222223
1406.0	3.9097222222222223
1407.0	3.9097222222222223
1408.0	3.9097222222222223
1409.0	3.9097222222222223
1410.0	3.9097222222222223
1411.0	3.9097222222222223
1412.0	3.9097222222222223
1413.0	3.9097222222222223
1414.0	3.9097222222222223
1415.0	3.9097222222222223
1416.0	3.9097222222222223
1417.0	3.9097222222222223
1418.0	3.9097222222222223
1419.0	3.9097222222222223
1420.0	3.9097222222222223
1421.0	3.9097222222222223
1422.0	3.9097222222222223
1423.0	3.9097222222222223
1424.0	3.9097222222222223
1425.0	3.9097222222222223
1426.0	3.9097222222222223
1427.0	3.9097222222222223
1428.0	3.9097222222222223
1429.0	3.9097222222222223
1430.0	3.9097222222222223
1431.0	3.9097222222222223
1432.0	3.9097222222222223
1433.0	3.9097222222222223
1434.0	3.9097222222222223
1435.0	3.9097222222222223
1436.0	3.9097222222222223
1437.0	3.9097222222222223
1438.0	3.9097222222222223
1439.0	3.910344827586207
1440.0	3.910344827586207
1441.0	3.910344827586207
1442.0	3.910344827586207
1443.0	3.910344827586207
1444.0	3.910344827586207
1445.0	3.910344827586207
1446.0	3.910344827586207
1447.0	3.910344827586207
1448.0	3.910344827586207
1449.0	3.910344827586207
1450.0	3.910344827586207
1451.0	3.910344827586207
1452.0	3.910344827586207
1453.0	3.910344827586207
1454.0	3.910344827586207
1455.0	3.910344827586207
1456.0	3.910344827586207
1457.0	3.910344827586207
1458.0	3.910344827586207
1459.0	3.910344827586207
1460.0	3.910958904109589
1461.0	3.910958904109589
1462.0	3.910958904109589
1463.0	3.910958904109589
1464.0	3.910958904109589
1465.0	3.910958904109589
1466.0	3.910958904109589
1467.0	3.910958904109589
1468.0	3.910958904109589
1469.0	3.910958904109589
1470.0	3.910958904109589
1471.0	3.910958904109589
1472.0	3.910958904109589
1473.0	3.910958904109589
1474.0	3.910958904109589
1475.0	3.910958904109589
1476.0	3.910958904109589
1477.0	3.910958904109589
1478.0	3.8979591836734695
1479.0	3.8979591836734695
1480.0	3.8979591836734695
1481.0	3.8979591836734695
1482.0	3.8979591836734695
1483.0	3.8979591836734695
1484.0	3.8979591836734695
1485.0	3.8979591836734695
1486.0	3.8979591836734695
1487.0	3.8979591836734695
1488.0	3.8979591836734695
1489.0	3.8979591836734695
1490.0	3.8979591836734695
1491.0	3.8979591836734695
1492.0	3.8979591836734695
1493.0	3.8979591836734695
1494.0	3.885135135135135
1495.0	3.885135135135135
1496.0	3.885135135135135
1497.0	3.885135135135135
1498.0	3.8926174496644297
1499.0	3.8926174496644297
1500.0	3.8926174496644297
1501.0	3.8926174496644297
1502.0	3.8926174496644297
1503.0	3.8926174496644297
1504.0	3.8926174496644297
1505.0	3.8926174496644297
1506.0	3.8926174496644297
1507.0	3.8926174496644297
1508.0	3.9
1509.0	3.9
1510.0	3.9
1511.0	3.9
1512.0	3.9
1513.0	3.9
1514.0	3.9
1515.0	3.9
1516.0	3.9
1517.0	3.9
1518.0	3.9
1519.0	3.9072847682119205
1520.0	3.9072847682119205
1521.0	3.9072847682119205
1522.0	3.9072847682119205
1523.0	3.9072847682119205
1524.0	3.901315789473684
1525.0	3.901315789473684
1526.0	3.9084967320261437
1527.0	3.9084967320261437
1528.0	3.9084967320261437
1529.0	3.9084967320261437
1530.0	3.9084967320261437
1531.0	3.9155844155844157
1532.0	3.9155844155844157
1533.0	3.9155844155844157
1534.0	3.9155844155844157
1535.0	3.9155844155844157
1536.0	3.9155844155844157
1537.0	3.9155844155844157
1538.0	3.9155844155844157
1539.0	3.9155844155844157
1540.0	3.9155844155844157
1541.0	3.9155844155844157
1542.0	3.9155844155844157
1543.0	3.9155844155844157
1544.0	3.9155844155844157
1545.0	3.9161290322580644
1546.0	3.9161290322580644
1547.0	3.9161290322580644
1548.0	3.9166666666666665
1549.0	3.9166666666666665
1550.0	3.9166666666666665
1551.0	3.9166666666666665
1552.0	3.9166666666666665
1553.0	3.910828025477707
1554.0	3.910828025477707
1555.0	3.910828025477707
1556.0	3.910828025477707
1557.0	3.9050632911392404
1558.0	3.911949685534591
1559.0	3.911949685534591
1560.0	3.911949685534591
1561.0	3.911949685534591
1562.0	3.911949685534591
1563.0	3.911949685534591
1564.0	3.911949685534591
1565.0	3.911949685534591
1566.0	3.9
1567.0	3.888198757763975
1568.0	3.888198757763975
1569.0	3.888198757763975
1570.0	3.888198757763975
1571.0	3.888198757763975
1572.0	3.888198757763975
1573.0	3.8703703703703702
1574.0	3.8650306748466257
1575.0	3.8650306748466257
1576.0	3.8650306748466257
1577.0	3.8650306748466257
1578.0	3.8597560975609757
1579.0	3.8597560975609757
1580.0	3.8597560975609757
1581.0	3.8597560975609757
1582.0	3.8597560975609757
1583.0	3.8597560975609757
1584.0	3.8597560975609757
1585.0	3.8597560975609757
1586.0	3.8597560975609757
1587.0	3.8597560975609757
1588.0	3.8597560975609757
1589.0	3.8597560975609757
1590.0	3.8597560975609757
1591.0	3.8597560975609757
1592.0	3.8666666666666667
1593.0	3.8666666666666667
1594.0	3.8666666666666667
1595.0	3.8674698795180724
1596.0	3.8674698795180724
1597.0	3.856287425149701
1598.0	3.856287425149701
1599.0	3.856287425149701
1600.0	3.856287425149701
1601.0	3.856287425149701
1602.0	3.856287425149701
1603.0	3.856287425149701
1604.0	3.856287425149701
1605.0	3.856287425149701
1606.0	3.856287425149701
1607.0	3.856287425149701
1608.0	3.856287425149701
1609.0	3.856287425149701
1610.0	3.856287425149701
1611.0	3.856287425149701
1612.0	3.856287425149701
1613.0	3.856287425149701
1614.0	3.856287425149701
1615.0	3.856287425149701
1616.0	3.8511904761904763
1617.0	3.8511904761904763
1618.0	3.8461538461538463
1619.0	3.8461538461538463
1620.0	3.8461538461538463
1621.0	3.8461538461538463
1622.0	3.8461538461538463
1623.0	3.8461538461538463
1624.0	3.8461538461538463
1625.0	3.8461538461538463
1626.0	3.8411764705882354
1627.0	3.8411764705882354
1628.0	3.8411764705882354
1629.0	3.8411764705882354
1630.0	3.8421052631578947
1631.0	3.8421052631578947
1632.0	3.8421052631578947
1633.0	3.8421052631578947
1634.0	3.8421052631578947
1635.0	3.8421052631578947
1636.0	3.8421052631578947
1637.0	3.8421052631578947
1638.0	3.8421052631578947
1639.0	3.8421052631578947
1640.0	3.8421052631578947
1641.0	3.8421052631578947
1642.0	3.8421052631578947
1643.0	3.8421052631578947
1644.0	3.8421052631578947
1645.0	3.8421052631578947
1646.0	3.8421052631578947
1647.0	3.8421052631578947
1648.0	3.8421052631578947
1649.0	3.8488372093023258
1650.0	3.8488372093023258
1651.0	3.8488372093023258
1652.0	3.8488372093023258
1653.0	3.8488372093023258
1654.0	3.8488372093023258
1655.0	3.8488372093023258
1656.0	3.8488372093023258
1657.0	3.8488372093023258
1658.0	3.8488372093023258
1659.0	3.8488372093023258
1660.0	3.8488372093023258
1661.0	3.8488372093023258
1662.0	3.8554913294797686
1663.0	3.8554913294797686
1664.0	3.8554913294797686
1665.0	3.8554913294797686
1666.0	3.8554913294797686
1667.0	3.8563218390804597
1668.0	3.8563218390804597
1669.0	3.8563218390804597
1670.0	3.8563218390804597
1671.0	3.8563218390804597
1672.0	3.8563218390804597
1673.0	3.8563218390804597
1674.0	3.8563218390804597
1675.0	3.8563218390804597
1676.0	3.8563218390804597
1677.0	3.8563218390804597
1678.0	3.8563218390804597
1679.0	3.857142857142857
1680.0	3.857142857142857
1681.0	3.857142857142857
1682.0	3.857142857142857
1683.0	3.857142857142857
1684.0	3.857142857142857
1685.0	3.857142857142857
1686.0	3.857142857142857
1687.0	3.857142857142857
1688.0	3.857142857142857
1689.0	3.857142857142857
1690.0	3.857142857142857
1691.0	3.857142857142857
1692.0	3.857142857142857
1693.0	3.857142857142857
1694.0	3.857142857142857
1695.0	3.857142857142857
1696.0	3.857142857142857
1697.0	3.857142857142857
1698.0	3.857142857142857
1699.0	3.857142857142857
1700.0	3.8636363636363638
1701.0	3.8636363636363638
1702.0	3.8636363636363638
1703.0	3.8636363636363638
1704.0	3.8636363636363638
1705.0	3.8636363636363638
1706.0	3.8636363636363638
1707.0	3.8636363636363638
1708.0	3.8636363636363638
1709.0	3.8636363636363638
1710.0	3.8636363636363638
1711.0	3.8636363636363638
1712.0	3.8636363636363638
1713.0	3.8636363636363638
1714.0	3.8636363636363638
1715.0	3.8636363636363638
1716.0	3.8636363636363638
1717.0	3.8636363636363638
1718.0	3.8636363636363638
1719.0	3.8636363636363638
1720.0	3.8636363636363638
1721.0	3.8636363636363638
1722.0	3.8636363636363638
1723.0	3.8636363636363638
1724.0	3.8636363636363638
1725.0	3.8636363636363638
1726.0	3.8636363636363638
1727.0	3.8636363636363638
1728.0	3.8636363636363638
1729.0	3.8636363636363638
1730.0	3.8636363636363638
1731.0	3.8636363636363638
1732.0	3.8636363636363638
1733.0	3.8636363636363638
1734.0	3.8636363636363638
1735.0	3.8636363636363638
1736.0	3.8636363636363638
1737.0	3.8636363636363638
1738.0	3.8636363636363638
1739.0	3.8636363636363638
1740.0	3.847457627118644
1741.0	3.847457627118644
1742.0	3.847457627118644
1743.0	3.847457627118644
1744.0	3.847457627118644
1745.0	3.847457627118644
1746.0	3.847457627118644
1747.0	3.847457627118644
1748.0	3.847457627118644
1749.0	3.847457627118644
1750.0	3.847457627118644
1751.0	3.847457627118644
1752.0	3.847457627118644
1753.0	3.847457627118644
1754.0	3.847457627118644
1755.0	3.847457627118644
1756.0	3.842696629213483
1757.0	3.842696629213483
1758.0	3.842696629213483
1759.0	3.842696629213483
1760.0	3.842696629213483
1761.0	3.842696629213483
1762.0	3.842696629213483
1763.0	3.842696629213483
1764.0	3.842696629213483
1765.0	3.842696629213483
1766.0	3.842696629213483
1767.0	3.842696629213483
1768.0	3.842696629213483
1769.0	3.842696629213483
1770.0	3.842696629213483
1771.0	3.842696629213483
1772.0	3.8491620111731844
1773.0	3.8491620111731844
1774.0	3.8491620111731844
1775.0	3.8491620111731844
1776.0	3.8491620111731844
1777.0	3.8491620111731844
1778.0	3.8491620111731844
1779.0	3.8491620111731844
1780.0	3.8491620111731844
1781.0	3.8491620111731844
1782.0	3.8491620111731844
1783.0	3.838888888888889
1784.0	3.838888888888889
1785.0	3.838888888888889
1786.0	3.838888888888889
1787.0	3.845303867403315
1788.0	3.845303867403315
1789.0	3.845303867403315
1790.0	3.845303867403315
1791.0	3.840659340659341
1792.0	3.840659340659341
1793.0	3.840659340659341
1794.0	3.840659340659341
1795.0	3.840659340659341
1796.0	3.840659340659341
1797.0	3.840659340659341
1798.0	3.840659340659341
1799.0	3.840659340659341
1800.0	3.840659340659341
1801.0	3.840659340659341
1802.0	3.840659340659341
1803.0	3.840659340659341
1804.0	3.840659340659341
1805.0	3.840659340659341
1806.0	3.840659340659341
1807.0	3.840659340659341
1808.0	3.840659340659341
1809.0	3.840659340659341
1810.0	3.840659340659341
1811.0	3.840659340659341
1812.0	3.840659340659341
1813.0	3.840659340659341
1814.0	3.840659340659341
1815.0	3.840659340659341
1816.0	3.840659340659341
1817.0	3.840659340659341
1818.0	3.8469945355191255
1819.0	3.8469945355191255
1820.0	3.8469945355191255
1821.0	3.8469945355191255
1822.0	3.8369565217391304
1823.0	3.8369565217391304
1824.0	3.8369565217391304
1825.0	3.8369565217391304
1826.0	3.8369565217391304
1827.0	3.827027027027027
1828.0	3.827027027027027
1829.0	3.827027027027027
1830.0	3.827027027027027
1831.0	3.827027027027027
1832.0	3.827027027027027
1833.0	3.827027027027027
1834.0	3.827027027027027
1835.0	3.827027027027027
1836.0	3.827027027027027
1837.0	3.827027027027027
1838.0	3.827027027027027
1839.0	3.827027027027027
1840.0	3.827027027027027
1841.0	3.827027027027027
1842.0	3.827027027027027
1843.0	3.827027027027027
1844.0	3.827027027027027
1845.0	3.827027027027027
1846.0	3.827027027027027
1847.0	3.8333333333333335
1848.0	3.8333333333333335
1849.0	3.8333333333333335
1850.0	3.8333333333333335
1851.0	3.8333333333333335
1852.0	3.834224598930481
1853.0	3.834224598930481
1854.0	3.834224598930481
1855.0	3.834224598930481
1856.0	3.834224598930481
1857.0	3.834224598930481
1858.0	3.834224598930481
1859.0	3.834224598930481
1860.0	3.834224598930481
1861.0	3.834224598930481
1862.0	3.834224598930481
1863.0	3.834224598930481
1864.0	3.834224598930481
1865.0	3.834224598930481
1866.0	3.834224598930481
1867.0	3.834224598930481
1868.0	3.834224598930481
1869.0	3.834224598930481
1870.0	3.834224598930481
1871.0	3.834224598930481
1872.0	3.824468085106383
1873.0	3.824468085106383
1874.0	3.824468085106383
1875.0	3.824468085106383
1876.0	3.814814814814815
1877.0	3.814814814814815
1878.0	3.814814814814815
1879.0	3.814814814814815
1880.0	3.814814814814815
1881.0	3.814814814814815
1882.0	3.814814814814815
1883.0	3.814814814814815
1884.0	3.814814814814815
1885.0	3.814814814814815
1886.0	3.814814814814815
1887.0	3.8210526315789473
1888.0	3.8210526315789473
1889.0	3.8210526315789473
1890.0	3.8210526315789473
1891.0	3.816753926701571
1892.0	3.816753926701571
1893.0	3.816753926701571
1894.0	3.816753926701571
1895.0	3.816753926701571
1896.0	3.816753926701571
1897.0	3.816753926701571
1898.0	3.816753926701571
1899.0	3.816753926701571
1900.0	3.816753926701571
1901.0	3.816753926701571
1902.0	3.816753926701571
1903.0	3.816753926701571
1904.0	3.816753926701571
1905.0	3.816753926701571
1906.0	3.816753926701571
1907.0	3.816753926701571
1908.0	3.816753926701571
1909.0	3.816753926701571
1910.0	3.816753926701571
1911.0	3.816753926701571
1912.0	3.816753926701571
1913.0	3.816753926701571
1914.0	3.816753926701571
1915.0	3.816753926701571
1916.0	3.816753926701571
1917.0	3.816753926701571
1918.0	3.816753926701571
1919.0	3.816753926701571
1920.0	3.816753926701571
1921.0	3.816753926701571
1922.0	3.816753926701571
1923.0	3.816753926701571
1924.0	3.816753926701571
1925.0	3.8072916666666665
1926.0	3.8072916666666665
