0.0	NaN
1.0	5.0
2.0	4.0
3.0	4.333333333333333
4.0	4.5
5.0	4.5
6.0	4.4
7.0	4.4
8.0	4.333333333333333
9.0	4.428571428571429
10.0	4.428571428571429
11.0	4.5
12.0	4.333333333333333
13.0	4.4
14.0	4.454545454545454
15.0	4.5
16.0	4.5
17.0	4.538461538461538
18.0	4.571428571428571
19.0	4.6
20.0	4.625
21.0	4.647058823529412
22.0	4.647058823529412
23.0	4.555555555555555
24.0	4.578947368421052
25.0	4.578947368421052
26.0	4.578947368421052
27.0	4.578947368421052
28.0	4.6
29.0	4.619047619047619
30.0	4.619047619047619
31.0	4.636363636363637
32.0	4.434782608695652
33.0	4.291666666666667
34.0	4.16
35.0	4.038461538461538
36.0	3.888888888888889
37.0	3.7857142857142856
38.0	3.7241379310344827
39.0	3.6666666666666665
40.0	3.6666666666666665
41.0	3.6666666666666665
42.0	3.6666666666666665
43.0	3.5483870967741935
44.0	3.46875
45.0	3.46875
46.0	3.46875
47.0	3.46875
48.0	3.3636363636363638
49.0	3.323529411764706
50.0	3.342857142857143
51.0	3.2777777777777777
52.0	3.2777777777777777
53.0	3.189189189189189
54.0	3.1578947368421053
55.0	3.1578947368421053
56.0	3.1578947368421053
57.0	3.1025641025641026
58.0	3.075
59.0	3.048780487804878
60.0	3.0714285714285716
61.0	3.0232558139534884
62.0	2.977272727272727
63.0	2.9555555555555557
64.0	2.9347826086956523
65.0	2.978723404255319
66.0	2.978723404255319
67.0	2.9583333333333335
68.0	2.8979591836734695
69.0	2.86
70.0	2.823529411764706
71.0	2.823529411764706
72.0	2.769230769230769
73.0	2.7358490566037736
74.0	2.7222222222222223
75.0	2.727272727272727
76.0	2.6964285714285716
77.0	2.6666666666666665
78.0	2.6379310344827585
79.0	2.6379310344827585
80.0	2.6271186440677967
81.0	2.6166666666666667
82.0	2.6166666666666667
83.0	2.5737704918032787
84.0	2.6129032258064515
85.0	2.6129032258064515
86.0	2.6031746031746033
87.0	2.5625
88.0	2.523076923076923
89.0	2.515151515151515
90.0	2.5074626865671643
91.0	2.4705882352941178
92.0	2.4705882352941178
93.0	2.4347826086956523
94.0	2.4347826086956523
95.0	2.4347826086956523
96.0	2.442857142857143
97.0	2.408450704225352
98.0	2.388888888888889
99.0	2.388888888888889
100.0	2.3835616438356166
101.0	2.364864864864865
102.0	2.364864864864865
103.0	2.364864864864865
104.0	2.3466666666666667
105.0	2.3466666666666667
106.0	2.3466666666666667
107.0	2.3466666666666667
108.0	2.3421052631578947
109.0	2.311688311688312
110.0	2.282051282051282
111.0	2.282051282051282
112.0	2.278481012658228
113.0	2.2625
114.0	2.259259259259259
115.0	2.2560975609756095
116.0	2.2560975609756095
117.0	2.2409638554216866
118.0	2.2409638554216866
119.0	2.2409638554216866
120.0	2.2261904761904763
121.0	2.223529411764706
122.0	2.255813953488372
123.0	2.2758620689655173
124.0	2.284090909090909
125.0	2.284090909090909
126.0	2.2808988764044944
127.0	2.2666666666666666
128.0	2.2666666666666666
129.0	2.2637362637362637
130.0	2.239130434782609
131.0	2.239130434782609
132.0	2.21505376344086
133.0	2.2127659574468086
134.0	2.210526315789474
135.0	2.2083333333333335
136.0	2.195876288659794
137.0	2.2244897959183674
138.0	2.212121212121212
139.0	2.212121212121212
140.0	2.19
141.0	2.1881188118811883
142.0	2.1881188118811883
143.0	2.1881188118811883
144.0	2.1666666666666665
145.0	2.1666666666666665
146.0	2.145631067961165
147.0	2.1346153846153846
148.0	2.142857142857143
149.0	2.1320754716981134
150.0	2.1320754716981134
151.0	2.1320754716981134
152.0	2.130841121495327
153.0	2.1296296296296298
154.0	2.110091743119266
155.0	2.110091743119266
156.0	2.090909090909091
157.0	2.09009009009009
158.0	2.0892857142857144
159.0	2.079646017699115
160.0	2.0789473684210527
161.0	2.0789473684210527
162.0	2.0695652173913044
163.0	2.0689655172413794
164.0	2.051282051282051
165.0	2.0508474576271185
166.0	2.0508474576271185
167.0	2.042016806722689
168.0	2.025
169.0	2.0165289256198347
170.0	2.0165289256198347
171.0	2.0081967213114753
172.0	2.016260162601626
173.0	2.0
174.0	2.0
175.0	2.0
176.0	2.0
177.0	2.015873015873016
178.0	2.015748031496063
179.0	2.015748031496063
180.0	2.015748031496063
181.0	2.015748031496063
182.0	2.0
183.0	1.9922480620155039
184.0	1.9923076923076923
185.0	1.984732824427481
186.0	1.9848484848484849
187.0	1.9924812030075187
188.0	1.9924812030075187
189.0	1.992537313432836
190.0	1.9777777777777779
191.0	1.9852941176470589
192.0	1.9854014598540146
193.0	1.9854014598540146
194.0	1.9854014598540146
195.0	1.9854014598540146
196.0	1.9927536231884058
197.0	1.9784172661870503
198.0	1.9714285714285715
199.0	1.9714285714285715
200.0	1.9714285714285715
201.0	1.9645390070921986
202.0	1.9507042253521127
203.0	1.9507042253521127
204.0	1.944055944055944
205.0	1.9375
206.0	1.9375
207.0	1.9310344827586208
208.0	1.9383561643835616
209.0	1.9251700680272108
210.0	1.912162162162162
211.0	1.912751677852349
212.0	1.92
213.0	1.9205298013245033
214.0	1.9078947368421053
215.0	1.9150326797385622
216.0	1.9090909090909092
217.0	1.9090909090909092
218.0	1.9161290322580644
219.0	1.9038461538461537
220.0	1.9038461538461537
221.0	1.9038461538461537
222.0	1.89171974522293
223.0	1.8924050632911393
224.0	1.8930817610062893
225.0	1.89375
226.0	1.89375
227.0	1.89375
228.0	1.8944099378881987
229.0	1.8944099378881987
230.0	1.882716049382716
231.0	1.882716049382716
232.0	1.8711656441717792
233.0	1.8780487804878048
234.0	1.8909090909090909
235.0	1.8795180722891567
236.0	1.874251497005988
237.0	1.874251497005988
238.0	1.874251497005988
239.0	1.869047619047619
240.0	1.863905325443787
241.0	1.8529411764705883
242.0	1.8421052631578947
243.0	1.8421052631578947
244.0	1.8313953488372092
245.0	1.8313953488372092
246.0	1.8313953488372092
247.0	1.8265895953757225
248.0	1.8218390804597702
249.0	1.8285714285714285
250.0	1.8285714285714285
251.0	1.8465909090909092
252.0	1.8465909090909092
253.0	1.8465909090909092
254.0	1.8531073446327684
255.0	1.8651685393258426
256.0	1.8659217877094971
257.0	1.8555555555555556
258.0	1.8555555555555556
259.0	1.8555555555555556
260.0	1.856353591160221
261.0	1.8626373626373627
262.0	1.8633879781420766
263.0	1.875
264.0	1.8702702702702703
265.0	1.8709677419354838
266.0	1.8709677419354838
267.0	1.8709677419354838
268.0	1.8716577540106951
269.0	1.8716577540106951
270.0	1.8670212765957446
271.0	1.8571428571428572
272.0	1.8526315789473684
273.0	1.8526315789473684
274.0	1.8526315789473684
275.0	1.8526315789473684
276.0	1.8481675392670156
277.0	1.84375
278.0	1.84375
279.0	1.83419689119171
280.0	1.8298969072164948
281.0	1.8298969072164948
282.0	1.8298969072164948
283.0	1.8307692307692307
284.0	1.8214285714285714
285.0	1.8274111675126903
286.0	1.8282828282828283
287.0	1.8442211055276383
288.0	1.845
289.0	1.845
290.0	1.845771144278607
291.0	1.8465346534653466
292.0	1.8472906403940887
293.0	1.8472906403940887
294.0	1.8480392156862746
295.0	1.8390243902439025
296.0	1.8300970873786409
297.0	1.8300970873786409
298.0	1.8357487922705313
299.0	1.8365384615384615
300.0	1.8365384615384615
301.0	1.8421052631578947
302.0	1.838095238095238
303.0	1.8436018957345972
304.0	1.8436018957345972
305.0	1.8396226415094339
306.0	1.84037558685446
307.0	1.855140186915888
308.0	1.8511627906976744
309.0	1.8511627906976744
310.0	1.8511627906976744
311.0	1.8518518518518519
312.0	1.847926267281106
313.0	1.848623853211009
314.0	1.8538812785388128
315.0	1.8454545454545455
316.0	1.8461538461538463
317.0	1.8461538461538463
318.0	1.8468468468468469
319.0	1.8385650224215246
320.0	1.8348214285714286
321.0	1.8266666666666667
322.0	1.823008849557522
323.0	1.823008849557522
324.0	1.8193832599118942
325.0	1.8333333333333333
326.0	1.8384279475982532
327.0	1.8391304347826087
328.0	1.8354978354978355
329.0	1.831896551724138
330.0	1.8369098712446352
331.0	1.8369098712446352
332.0	1.829059829059829
333.0	1.8297872340425532
334.0	1.826271186440678
335.0	1.8270042194092826
336.0	1.8319327731092436
337.0	1.8284518828451883
338.0	1.8208333333333333
339.0	1.8208333333333333
340.0	1.8174273858921162
341.0	1.8174273858921162
342.0	1.8174273858921162
343.0	1.8174273858921162
344.0	1.8099173553719008
345.0	1.8099173553719008
346.0	1.8024691358024691
347.0	1.7991803278688525
348.0	1.7959183673469388
349.0	1.7959183673469388
350.0	1.8089430894308942
351.0	1.8097165991902835
352.0	1.8064516129032258
353.0	1.8064516129032258
354.0	1.8152610441767068
355.0	1.816
356.0	1.816
357.0	1.816
358.0	1.8167330677290836
359.0	1.8134920634920635
360.0	1.8142292490118577
361.0	1.8142292490118577
362.0	1.811023622047244
363.0	1.8196078431372549
364.0	1.82421875
365.0	1.821011673151751
366.0	1.817829457364341
367.0	1.8262548262548262
368.0	1.8307692307692307
369.0	1.8237547892720307
370.0	1.8206106870229009
371.0	1.8136882129277567
372.0	1.8136882129277567
373.0	1.8143939393939394
374.0	1.8143939393939394
375.0	1.8113207547169812
376.0	1.8045112781954886
377.0	1.797752808988764
378.0	1.794776119402985
379.0	1.795539033457249
380.0	1.795539033457249
381.0	1.8037037037037038
382.0	1.8037037037037038
383.0	1.8037037037037038
384.0	1.8037037037037038
385.0	1.8081180811808117
386.0	1.8051470588235294
387.0	1.8095238095238095
388.0	1.8095238095238095
389.0	1.8095238095238095
390.0	1.8095238095238095
391.0	1.8065693430656935
392.0	1.8065693430656935
393.0	1.8072727272727274
394.0	1.8043478260869565
395.0	1.7978339350180506
396.0	1.7949640287769784
397.0	1.7956989247311828
398.0	1.7956989247311828
399.0	1.7956989247311828
400.0	1.7956989247311828
401.0	1.7956989247311828
402.0	1.7956989247311828
403.0	1.7956989247311828
404.0	1.7892857142857144
405.0	1.800711743772242
406.0	1.7943262411347518
407.0	1.7915194346289753
408.0	1.7915194346289753
409.0	1.7922535211267605
410.0	1.7859649122807018
411.0	1.7867132867132867
412.0	1.7944250871080138
413.0	1.7986111111111112
414.0	1.792387543252595
415.0	1.7862068965517242
416.0	1.7800687285223367
417.0	1.7773972602739727
418.0	1.7773972602739727
419.0	1.7773972602739727
420.0	1.7773972602739727
421.0	1.7773972602739727
422.0	1.7773972602739727
423.0	1.78839590443686
424.0	1.7925170068027212
425.0	1.7966101694915255
426.0	1.7972972972972974
427.0	1.7972972972972974
428.0	1.7972972972972974
429.0	1.8047138047138047
430.0	1.8047138047138047
431.0	1.8053691275167785
432.0	1.8026755852842808
433.0	1.8
434.0	1.7973421926910298
435.0	1.794701986754967
436.0	1.794701986754967
437.0	1.7887788778877889
438.0	1.7861842105263157
439.0	1.7861842105263157
440.0	1.780327868852459
441.0	1.7745098039215685
442.0	1.775244299674267
443.0	1.7694805194805194
444.0	1.766990291262136
445.0	1.770967741935484
446.0	1.770967741935484
447.0	1.765273311897106
448.0	1.7596153846153846
449.0	1.7571884984025559
450.0	1.7571884984025559
451.0	1.7547770700636942
452.0	1.7492063492063492
453.0	1.7492063492063492
454.0	1.7492063492063492
455.0	1.7492063492063492
456.0	1.7531645569620253
457.0	1.7531645569620253
458.0	1.7531645569620253
459.0	1.7570977917981072
460.0	1.751572327044025
461.0	1.755485893416928
462.0	1.753125
463.0	1.753125
464.0	1.750778816199377
465.0	1.7453416149068324
466.0	1.7453416149068324
467.0	1.7453416149068324
468.0	1.7453416149068324
469.0	1.7453416149068324
470.0	1.743034055727554
471.0	1.75
472.0	1.7507692307692309
473.0	1.7453987730061349
474.0	1.7431192660550459
475.0	1.75
476.0	1.75
477.0	1.7477203647416413
478.0	1.7477203647416413
479.0	1.7477203647416413
480.0	1.7477203647416413
481.0	1.7454545454545454
482.0	1.743202416918429
483.0	1.7379518072289157
484.0	1.7379518072289157
485.0	1.7379518072289157
486.0	1.7327327327327327
487.0	1.7305389221556886
488.0	1.7313432835820894
489.0	1.7313432835820894
490.0	1.7291666666666667
491.0	1.7240356083086052
492.0	1.727810650887574
493.0	1.7227138643067847
494.0	1.7227138643067847
495.0	1.7205882352941178
496.0	1.7205882352941178
497.0	1.7205882352941178
498.0	1.721407624633431
499.0	1.7251461988304093
500.0	1.7251461988304093
501.0	1.7259475218658893
502.0	1.7259475218658893
503.0	1.7267441860465116
504.0	1.727536231884058
505.0	1.7254335260115607
506.0	1.7204610951008645
507.0	1.7241379310344827
508.0	1.7277936962750717
509.0	1.7314285714285715
510.0	1.7293447293447293
511.0	1.7293447293447293
512.0	1.7272727272727273
513.0	1.7272727272727273
514.0	1.725212464589235
515.0	1.728813559322034
516.0	1.723943661971831
517.0	1.7247191011235956
518.0	1.7254901960784315
519.0	1.723463687150838
520.0	1.723463687150838
521.0	1.7186629526462396
522.0	1.7186629526462396
523.0	1.7166666666666666
524.0	1.7146814404432134
525.0	1.712707182320442
526.0	1.7107438016528926
527.0	1.7107438016528926
528.0	1.706043956043956
529.0	1.704109589041096
530.0	1.6994535519125684
531.0	1.7002724795640327
532.0	1.701086956521739
533.0	1.6991869918699187
534.0	1.6972972972972973
535.0	1.6954177897574123
536.0	1.6989247311827957
537.0	1.6970509383378016
538.0	1.6978609625668448
539.0	1.696
540.0	1.696
541.0	1.702127659574468
542.0	1.702917771883289
543.0	1.6984126984126984
544.0	1.6992084432717678
545.0	1.694736842105263
546.0	1.7007874015748032
547.0	1.7094240837696335
548.0	1.7094240837696335
549.0	1.7075718015665797
550.0	1.7075718015665797
551.0	1.7057291666666667
552.0	1.7038961038961038
553.0	1.7098445595854923
554.0	1.7080103359173127
555.0	1.7061855670103092
556.0	1.7061855670103092
557.0	1.7146529562982005
558.0	1.7128205128205127
559.0	1.710997442455243
560.0	1.711734693877551
561.0	1.7099236641221374
562.0	1.7106598984771573
563.0	1.7106598984771573
564.0	1.7106598984771573
565.0	1.7164556962025317
566.0	1.7164556962025317
567.0	1.7171717171717171
568.0	1.720403022670025
569.0	1.720403022670025
570.0	1.7160804020100502
571.0	1.7160804020100502
572.0	1.7160804020100502
573.0	1.7117794486215538
574.0	1.71
575.0	1.71571072319202
576.0	1.7114427860696517
577.0	1.7071960297766748
578.0	1.7071960297766748
579.0	1.7079207920792079
580.0	1.7079207920792079
581.0	1.708641975308642
582.0	1.706896551724138
583.0	1.71007371007371
584.0	1.7058823529411764
585.0	1.7041564792176038
586.0	1.7
587.0	1.6982968369829683
588.0	1.6982968369829683
589.0	1.6966019417475728
590.0	1.694915254237288
591.0	1.7028985507246377
592.0	1.7036144578313253
593.0	1.7019230769230769
594.0	1.7019230769230769
595.0	1.7019230769230769
596.0	1.7019230769230769
597.0	1.7050359712230216
598.0	1.7129186602870814
599.0	1.7112171837708832
600.0	1.7112171837708832
601.0	1.7095238095238094
602.0	1.7078384798099762
603.0	1.7037914691943128
604.0	1.7044917257683214
605.0	1.7004716981132075
606.0	1.6988235294117646
607.0	1.6988235294117646
608.0	1.6971830985915493
609.0	1.6955503512880563
610.0	1.6939252336448598
611.0	1.68997668997669
612.0	1.68997668997669
613.0	1.6883720930232557
614.0	1.6867749419953597
615.0	1.6851851851851851
616.0	1.6851851851851851
617.0	1.6836027713625865
618.0	1.6912442396313363
619.0	1.696551724137931
620.0	1.696551724137931
621.0	1.694954128440367
622.0	1.694954128440367
623.0	1.6956521739130435
624.0	1.6986301369863013
625.0	1.6986301369863013
626.0	1.6947608200455582
627.0	1.690909090909091
628.0	1.690909090909091
629.0	1.6870748299319729
630.0	1.6855203619909502
631.0	1.6855203619909502
632.0	1.6839729119638827
633.0	1.6824324324324325
634.0	1.6824324324324325
635.0	1.6808988764044943
636.0	1.6793721973094171
637.0	1.6793721973094171
638.0	1.6756152125279642
639.0	1.6808035714285714
640.0	1.6792873051224944
641.0	1.6792873051224944
642.0	1.68
643.0	1.68
644.0	1.6762749445676275
645.0	1.674778761061947
646.0	1.674778761061947
647.0	1.674778761061947
648.0	1.6732891832229582
649.0	1.671806167400881
650.0	1.6747252747252748
651.0	1.6710526315789473
652.0	1.6710526315789473
653.0	1.6710526315789473
654.0	1.6673960612691465
655.0	1.665938864628821
656.0	1.6644880174291938
657.0	1.6630434782608696
658.0	1.6616052060737527
659.0	1.6616052060737527
660.0	1.6616052060737527
661.0	1.6688311688311688
662.0	1.6688311688311688
663.0	1.6688311688311688
664.0	1.6673866090712743
665.0	1.6745689655172413
666.0	1.6817204301075268
667.0	1.6802575107296138
668.0	1.6802575107296138
669.0	1.6802575107296138
670.0	1.6809421841541756
671.0	1.6794871794871795
672.0	1.6794871794871795
673.0	1.6823027718550108
674.0	1.6808510638297873
675.0	1.6794055201698515
676.0	1.6822033898305084
677.0	1.682875264270613
678.0	1.682875264270613
679.0	1.6814345991561181
680.0	1.6814345991561181
681.0	1.68
682.0	1.68
683.0	1.6785714285714286
684.0	1.6771488469601676
685.0	1.6771488469601676
686.0	1.6771488469601676
687.0	1.6757322175732217
688.0	1.6764091858037578
689.0	1.6764091858037578
690.0	1.6764091858037578
691.0	1.675
692.0	1.6735966735966736
693.0	1.6784232365145229
694.0	1.6770186335403727
695.0	1.6756198347107438
696.0	1.6756198347107438
697.0	1.6762886597938145
698.0	1.6748971193415638
699.0	1.6748971193415638
700.0	1.677618069815195
701.0	1.677618069815195
702.0	1.6782786885245902
703.0	1.6782786885245902
704.0	1.6809815950920246
705.0	1.6816326530612244
706.0	1.6843177189409368
707.0	1.6808943089430894
708.0	1.6808943089430894
709.0	1.6808943089430894
710.0	1.6815415821501014
711.0	1.6821862348178138
712.0	1.6828282828282828
713.0	1.685483870967742
714.0	1.6841046277665996
715.0	1.6827309236947792
716.0	1.6827309236947792
717.0	1.6813627254509018
718.0	1.682
719.0	1.6806387225548902
720.0	1.6806387225548902
721.0	1.6792828685258965
722.0	1.6779324055666005
723.0	1.6779324055666005
724.0	1.6746031746031746
725.0	1.6752475247524752
726.0	1.673913043478261
727.0	1.6765285996055226
728.0	1.6765285996055226
729.0	1.6765285996055226
730.0	1.6751968503937007
731.0	1.6719056974459725
732.0	1.6705882352941177
733.0	1.6705882352941177
734.0	1.6673189823874754
735.0	1.666015625
736.0	1.6666666666666667
737.0	1.6692607003891051
738.0	1.6679611650485437
739.0	1.6647286821705427
740.0	1.6615087040618957
741.0	1.6583011583011582
742.0	1.6570327552986512
743.0	1.6557692307692307
744.0	1.6525911708253358
745.0	1.6513409961685823
746.0	1.650095602294455
747.0	1.650095602294455
748.0	1.6488549618320612
749.0	1.6476190476190475
750.0	1.6476190476190475
751.0	1.6539923954372624
752.0	1.6546489563567361
753.0	1.6553030303030303
754.0	1.6553030303030303
755.0	1.6553030303030303
756.0	1.6553030303030303
757.0	1.6540642722117203
758.0	1.650943396226415
759.0	1.6497175141242937
760.0	1.650375939849624
761.0	1.6472795497185742
762.0	1.647940074906367
763.0	1.644859813084112
764.0	1.6417910447761195
765.0	1.638733705772812
766.0	1.6356877323420074
767.0	1.6356877323420074
768.0	1.634508348794063
769.0	1.6333333333333333
770.0	1.6321626617375231
771.0	1.6321626617375231
772.0	1.6309963099630995
773.0	1.6309963099630995
774.0	1.6309963099630995
775.0	1.6309963099630995
776.0	1.6309963099630995
777.0	1.6298342541436464
778.0	1.6360294117647058
779.0	1.6348623853211008
780.0	1.6336996336996337
781.0	1.6307129798903108
782.0	1.6295620437956204
783.0	1.6295620437956204
784.0	1.6284153005464481
785.0	1.6284153005464481
786.0	1.6345454545454545
787.0	1.6352087114337568
788.0	1.6340579710144927
789.0	1.6311030741410488
790.0	1.6311030741410488
791.0	1.628158844765343
792.0	1.628158844765343
793.0	1.627027027027027
794.0	1.6241007194244603
795.0	1.622980251346499
796.0	1.6218637992831542
797.0	1.6218637992831542
798.0	1.6225402504472273
799.0	1.6225402504472273
800.0	1.6214285714285714
801.0	1.6214285714285714
802.0	1.623885918003565
803.0	1.623885918003565
804.0	1.6298932384341638
805.0	1.6269982238010656
806.0	1.625886524822695
807.0	1.6283185840707965
808.0	1.6283185840707965
809.0	1.6283185840707965
810.0	1.6283185840707965
811.0	1.6254416961130742
812.0	1.6261022927689595
813.0	1.6261022927689595
814.0	1.625
815.0	1.625
816.0	1.62390158172232
817.0	1.6228070175438596
818.0	1.6228070175438596
819.0	1.6234676007005253
820.0	1.6223776223776223
821.0	1.6223776223776223
822.0	1.6223776223776223
823.0	1.6223776223776223
824.0	1.6195462478184992
825.0	1.6236933797909407
826.0	1.6236933797909407
827.0	1.6278260869565218
828.0	1.6267361111111112
829.0	1.6256499133448874
830.0	1.6245674740484428
831.0	1.625215889464594
832.0	1.6241379310344828
833.0	1.621342512908778
834.0	1.6237113402061856
835.0	1.6226415094339623
836.0	1.6232876712328768
837.0	1.6222222222222222
838.0	1.6262798634812288
839.0	1.626916524701874
840.0	1.626916524701874
841.0	1.626916524701874
842.0	1.6258503401360545
843.0	1.6230899830220713
844.0	1.6230899830220713
845.0	1.6220338983050848
846.0	1.6220338983050848
847.0	1.6243654822335025
848.0	1.625
849.0	1.627318718381113
850.0	1.6245791245791246
851.0	1.6218487394957983
852.0	1.6241610738255035
853.0	1.6214405360134003
854.0	1.6214405360134003
855.0	1.620401337792642
856.0	1.6260434056761268
857.0	1.6266666666666667
858.0	1.6266666666666667
859.0	1.6256239600665559
860.0	1.6229235880398671
861.0	1.6235489220563848
862.0	1.6235489220563848
863.0	1.6225165562913908
864.0	1.6225165562913908
865.0	1.6225165562913908
866.0	1.6225165562913908
867.0	1.6231404958677687
868.0	1.6231404958677687
869.0	1.6204620462046204
870.0	1.6204620462046204
871.0	1.6177924217462933
872.0	1.6200657894736843
873.0	1.619047619047619
874.0	1.618032786885246
875.0	1.618657937806874
876.0	1.618657937806874
877.0	1.619281045751634
878.0	1.619281045751634
879.0	1.6199021207177815
880.0	1.6188925081433225
881.0	1.6188925081433225
882.0	1.6188925081433225
883.0	1.6178861788617886
884.0	1.6152597402597402
885.0	1.619124797406807
886.0	1.619124797406807
887.0	1.616504854368932
888.0	1.616504854368932
889.0	1.618739903069467
890.0	1.6209677419354838
891.0	1.6209677419354838
892.0	1.6209677419354838
893.0	1.6199677938808374
894.0	1.6205787781350482
895.0	1.622792937399679
896.0	1.623397435897436
897.0	1.6272
898.0	1.6272
899.0	1.6272
900.0	1.6272
901.0	1.6261980830670926
902.0	1.6261980830670926
903.0	1.6251993620414673
904.0	1.6289808917197452
905.0	1.6289808917197452
906.0	1.6279809220985693
907.0	1.6285714285714286
908.0	1.6323296354992076
909.0	1.6313291139240507
910.0	1.6303317535545023
911.0	1.6309148264984228
912.0	1.6283464566929133
913.0	1.628930817610063
914.0	1.629513343799058
915.0	1.6300940438871474
916.0	1.6306729264475743
917.0	1.6306729264475743
918.0	1.6296875
919.0	1.6302652106084243
920.0	1.6308411214953271
921.0	1.629860031104199
922.0	1.629860031104199
923.0	1.6304347826086956
924.0	1.634108527131783
925.0	1.6377708978328174
926.0	1.6377708978328174
927.0	1.6414219474497682
928.0	1.6414219474497682
929.0	1.6414219474497682
930.0	1.6414219474497682
931.0	1.6388888888888888
932.0	1.6388888888888888
933.0	1.637904468412943
934.0	1.6353846153846154
935.0	1.6374807987711213
936.0	1.6365030674846626
937.0	1.6355283307810107
938.0	1.6330275229357798
939.0	1.63206106870229
940.0	1.6295731707317074
941.0	1.6295731707317074
942.0	1.6286149162861492
943.0	1.627659574468085
944.0	1.627659574468085
945.0	1.6251896813353566
946.0	1.6251896813353566
947.0	1.6257575757575757
948.0	1.6278366111951588
949.0	1.6278366111951588
950.0	1.6278366111951588
951.0	1.6299093655589123
952.0	1.6304675716440422
953.0	1.6304675716440422
954.0	1.6304675716440422
955.0	1.6295180722891567
956.0	1.6270676691729324
957.0	1.632132132132132
958.0	1.632132132132132
959.0	1.631184407796102
960.0	1.6317365269461077
961.0	1.6307922272047832
962.0	1.628358208955224
963.0	1.628358208955224
964.0	1.6274217585692996
965.0	1.6264880952380953
966.0	1.62555720653789
967.0	1.62555720653789
968.0	1.6261127596439169
969.0	1.6251851851851853
970.0	1.6227810650887573
971.0	1.6262924667651404
972.0	1.6253687315634218
973.0	1.625920471281296
974.0	1.6264705882352941
975.0	1.6270190895741556
976.0	1.6270190895741556
977.0	1.6246334310850439
978.0	1.6246334310850439
979.0	1.6237188872620791
980.0	1.6228070175438596
981.0	1.621897810218978
982.0	1.6253644314868805
983.0	1.6253644314868805
984.0	1.6253644314868805
985.0	1.6229985443959243
986.0	1.627906976744186
987.0	1.625544267053701
988.0	1.626086956521739
989.0	1.626086956521739
990.0	1.6237337192474675
991.0	1.6213872832369942
992.0	1.621933621933622
993.0	1.621933621933622
994.0	1.6210374639769451
995.0	1.6258992805755397
996.0	1.625
997.0	1.6226685796269726
998.0	1.6203438395415473
999.0	1.6208869814020028
1000.0	1.6214285714285714
1001.0	1.6214285714285714
1002.0	1.6205420827389443
1003.0	1.6196581196581197
1004.0	1.6196581196581197
1005.0	1.620199146514936
1006.0	1.620199146514936
1007.0	1.6178977272727273
1008.0	1.6178977272727273
1009.0	1.6178977272727273
1010.0	1.6178977272727273
1011.0	1.6170212765957446
1012.0	1.6161473087818696
1013.0	1.6152758132956153
1014.0	1.615819209039548
1015.0	1.615819209039548
1016.0	1.613540197461213
1017.0	1.6126760563380282
1018.0	1.6132208157524612
1019.0	1.6123595505617978
1020.0	1.6123595505617978
1021.0	1.6115007012622722
1022.0	1.6106442577030813
1023.0	1.6111888111888113
1024.0	1.6103351955307263
1025.0	1.6103351955307263
1026.0	1.6094839609483962
1027.0	1.6100278551532032
1028.0	1.6100278551532032
1029.0	1.6100278551532032
1030.0	1.6100278551532032
1031.0	1.6091794158553547
1032.0	1.6083333333333334
1033.0	1.6061026352288488
1034.0	1.605263157894737
1035.0	1.6099585062240664
1036.0	1.611878453038674
1037.0	1.611878453038674
1038.0	1.6124137931034483
1039.0	1.6124137931034483
1040.0	1.6115702479338843
1041.0	1.6162310866574965
1042.0	1.614010989010989
1043.0	1.614010989010989
1044.0	1.614010989010989
1045.0	1.6145404663923182
1046.0	1.6123287671232878
1047.0	1.6101231190150478
1048.0	1.6092896174863387
1049.0	1.6092896174863387
1050.0	1.6084583901773533
1051.0	1.606267029972752
1052.0	1.6054421768707483
1053.0	1.610054347826087
1054.0	1.610583446404342
1055.0	1.6124661246612466
1056.0	1.6124661246612466
1057.0	1.6124661246612466
1058.0	1.6124661246612466
1059.0	1.611637347767253
1060.0	1.611637347767253
1061.0	1.6108108108108108
1062.0	1.6099865047233468
1063.0	1.610512129380054
1064.0	1.6083445491251682
1065.0	1.6061827956989247
1066.0	1.6067114093959731
1067.0	1.6072386058981234
1068.0	1.606425702811245
1069.0	1.606951871657754
1070.0	1.606951871657754
1071.0	1.606951871657754
1072.0	1.610146862483311
1073.0	1.608
1074.0	1.6071904127829562
1075.0	1.6050531914893618
1076.0	1.6050531914893618
1077.0	1.6029216467463479
1078.0	1.603448275862069
1079.0	1.6013245033112582
1080.0	1.6005291005291005
1081.0	1.5997357992073977
1082.0	1.5997357992073977
1083.0	1.5989445910290236
1084.0	1.598155467720685
1085.0	1.5973684210526315
1086.0	1.5965834428383705
1087.0	1.5965834428383705
1088.0	1.5965834428383705
1089.0	1.594488188976378
1090.0	1.5937090432503276
1091.0	1.5916230366492146
1092.0	1.5895424836601306
1093.0	1.5895424836601306
1094.0	1.5895424836601306
1095.0	1.5895424836601306
1096.0	1.5887728459530026
1097.0	1.589308996088657
1098.0	1.5911458333333333
1099.0	1.5911458333333333
1100.0	1.5903771131339401
1101.0	1.5909090909090908
1102.0	1.5914396887159532
1103.0	1.589378238341969
1104.0	1.589378238341969
1105.0	1.589378238341969
1106.0	1.5886157826649419
1107.0	1.5886157826649419
1108.0	1.5878552971576227
1109.0	1.5896774193548386
1110.0	1.5896774193548386
1111.0	1.5896774193548386
1112.0	1.5896774193548386
1113.0	1.5876288659793814
1114.0	1.5868725868725868
1115.0	1.5899742930591259
1116.0	1.589216944801027
1117.0	1.589216944801027
1118.0	1.5897435897435896
1119.0	1.5941101152368757
1120.0	1.5984654731457801
1121.0	1.5977011494252873
1122.0	1.5977011494252873
1123.0	1.5982142857142858
1124.0	1.5987261146496816
1125.0	1.5979643765903309
1126.0	1.5959339263024142
1127.0	1.5964467005076142
1128.0	1.596958174904943
1129.0	1.596958174904943
1130.0	1.59873417721519
1131.0	1.59873417721519
1132.0	1.59873417721519
1133.0	1.5992414664981036
1134.0	1.5997474747474747
1135.0	1.5989911727616646
1136.0	1.5982367758186398
1137.0	1.5982367758186398
1138.0	1.59874213836478
1139.0	1.59874213836478
1140.0	1.5979899497487438
1141.0	1.5979899497487438
1142.0	1.5972396486825595
1143.0	1.5972396486825595
1144.0	1.5964912280701755
1145.0	1.5957446808510638
1146.0	1.6
1147.0	1.5980024968789013
1148.0	1.5980024968789013
1149.0	1.5980024968789013
1150.0	1.5972568578553616
1151.0	1.5972568578553616
1152.0	1.5952677459526774
1153.0	1.5932835820895523
1154.0	1.5925465838509316
1155.0	1.5918114143920596
1156.0	1.5910780669144982
1157.0	1.5891089108910892
1158.0	1.5891089108910892
1159.0	1.5896168108776267
1160.0	1.5896168108776267
1161.0	1.5896168108776267
1162.0	1.5888888888888888
1163.0	1.5869297163995069
1164.0	1.5874384236453203
1165.0	1.5867158671586716
1166.0	1.5847665847665848
1167.0	1.5847665847665848
1168.0	1.5840490797546012
1169.0	1.5857843137254901
1170.0	1.5850673194614444
1171.0	1.5850673194614444
1172.0	1.58679706601467
1173.0	1.5873015873015872
1174.0	1.5873015873015872
1175.0	1.5853658536585367
1176.0	1.5853658536585367
1177.0	1.5834348355663825
1178.0	1.5827250608272505
1179.0	1.5820170109356015
1180.0	1.5820170109356015
1181.0	1.5837378640776698
1182.0	1.583030303030303
1183.0	1.583030303030303
1184.0	1.582324455205811
1185.0	1.5816203143893592
1186.0	1.5797101449275361
1187.0	1.5797101449275361
1188.0	1.577804583835947
1189.0	1.5759036144578313
1190.0	1.575210589651023
1191.0	1.5733173076923077
1192.0	1.575030012004802
1193.0	1.5767386091127098
1194.0	1.5772455089820359
1195.0	1.576555023923445
1196.0	1.5746714456391875
1197.0	1.5739856801909309
1198.0	1.5744934445768772
1199.0	1.5738095238095238
1200.0	1.5738095238095238
1201.0	1.573127229488704
1202.0	1.5712589073634204
1203.0	1.5705812574139977
1204.0	1.5734597156398105
1205.0	1.5715976331360946
1206.0	1.5732860520094563
1207.0	1.5749704840613932
1208.0	1.5754716981132075
1209.0	1.573616018845701
1210.0	1.5741176470588236
1211.0	1.5746180963572267
1212.0	1.5727699530516432
1213.0	1.5720984759671748
1214.0	1.5720984759671748
1215.0	1.5702576112412179
1216.0	1.5730994152046784
1217.0	1.5759345794392523
1218.0	1.5759345794392523
1219.0	1.5740956826137689
1220.0	1.578088578088578
1221.0	1.5774155995343422
1222.0	1.577906976744186
1223.0	1.5772357723577235
1224.0	1.5765661252900232
1225.0	1.5758980301274623
1226.0	1.5758980301274623
1227.0	1.5740740740740742
1228.0	1.5722543352601157
1229.0	1.5722543352601157
1230.0	1.5722543352601157
1231.0	1.571593533487298
1232.0	1.5709342560553634
1233.0	1.5702764976958525
1234.0	1.5696202531645569
1235.0	1.5701149425287357
1236.0	1.5729047072330655
1237.0	1.5722477064220184
1238.0	1.5722477064220184
1239.0	1.5715922107674685
1240.0	1.5697940503432495
1241.0	1.5691428571428572
1242.0	1.5691428571428572
1243.0	1.5696347031963471
1244.0	1.5696347031963471
1245.0	1.5689851767388825
1246.0	1.569476082004556
1247.0	1.5676905574516495
1248.0	1.565909090909091
1249.0	1.5675368898978435
1250.0	1.566893424036281
1251.0	1.566893424036281
1252.0	1.565118912797282
1253.0	1.5656108597285068
1254.0	1.5649717514124293
1255.0	1.5649717514124293
1256.0	1.5649717514124293
1257.0	1.5632054176072234
1258.0	1.5632054176072234
1259.0	1.5632054176072234
1260.0	1.5632054176072234
1261.0	1.5632054176072234
1262.0	1.5636978579481398
1263.0	1.563063063063063
1264.0	1.563063063063063
1265.0	1.5646794150731158
1266.0	1.5662921348314607
1267.0	1.5662921348314607
1268.0	1.5667789001122334
1269.0	1.5661434977578474
1270.0	1.5677491601343785
1271.0	1.5682326621923937
1272.0	1.5687150837988826
1273.0	1.5669642857142858
1274.0	1.5663322185061315
1275.0	1.5663322185061315
1276.0	1.5663322185061315
1277.0	1.5657015590200445
1278.0	1.5657015590200445
1279.0	1.5657015590200445
1280.0	1.568409343715239
1281.0	1.568409343715239
1282.0	1.568409343715239
1283.0	1.5677777777777777
1284.0	1.569367369589345
1285.0	1.5676274944567627
1286.0	1.5676274944567627
1287.0	1.5681063122923589
1288.0	1.5681063122923589
1289.0	1.5681063122923589
1290.0	1.5685840707964602
1291.0	1.5668508287292817
1292.0	1.5684326710816776
1293.0	1.5667034178610806
1294.0	1.566079295154185
1295.0	1.5643564356435644
1296.0	1.5626373626373626
1297.0	1.5626373626373626
1298.0	1.5626373626373626
1299.0	1.5631174533479693
1300.0	1.5614035087719298
1301.0	1.5618838992332968
1302.0	1.5618838992332968
1303.0	1.5645514223194747
1304.0	1.5639344262295083
1305.0	1.564410480349345
1306.0	1.5648854961832062
1307.0	1.5675381263616557
1308.0	1.5669205658324266
1309.0	1.5684782608695653
1310.0	1.5684782608695653
1311.0	1.5689467969598263
1312.0	1.5704989154013016
1313.0	1.5742145178764897
1314.0	1.5735930735930737
1315.0	1.5762162162162163
1316.0	1.5762162162162163
1317.0	1.5762162162162163
1318.0	1.57451403887689
1319.0	1.5728155339805825
1320.0	1.5728155339805825
1321.0	1.574353448275862
1322.0	1.573735199138859
1323.0	1.573735199138859
1324.0	1.5720430107526882
1325.0	1.5720430107526882
1326.0	1.5720430107526882
1327.0	1.5720430107526882
1328.0	1.5725026852846402
1329.0	1.5729613733905579
1330.0	1.5766345123258307
1331.0	1.576017130620985
1332.0	1.576470588235294
1333.0	1.5758547008547008
1334.0	1.575240128068303
1335.0	1.5735607675906182
1336.0	1.5735607675906182
1337.0	1.5740149094781684
1338.0	1.5740149094781684
1339.0	1.575531914893617
1340.0	1.5738575982996812
1341.0	1.5732484076433122
1342.0	1.5715800636267232
1343.0	1.5709745762711864
1344.0	1.5703703703703704
1345.0	1.5703703703703704
1346.0	1.569767441860465
1347.0	1.5712777191129883
1348.0	1.5706751054852321
1349.0	1.5690200210748155
1350.0	1.571578947368421
1351.0	1.5709779179810726
1352.0	1.5714285714285714
1353.0	1.5708289611752362
1354.0	1.570230607966457
1355.0	1.5727748691099477
1356.0	1.5721757322175731
1357.0	1.5715778474399165
1358.0	1.57098121085595
1359.0	1.57098121085595
1360.0	1.57098121085595
1361.0	1.5693430656934306
1362.0	1.5693430656934306
1363.0	1.5697916666666667
1364.0	1.5691987513007284
1365.0	1.5675675675675675
1366.0	1.5675675675675675
1367.0	1.5659397715472483
1368.0	1.5653526970954357
1369.0	1.566839378238342
1370.0	1.5683229813664596
1371.0	1.5677352637021718
1372.0	1.5671487603305785
1373.0	1.5671487603305785
1374.0	1.5671487603305785
1375.0	1.5671487603305785
1376.0	1.5665634674922602
1377.0	1.565979381443299
1378.0	1.565979381443299
1379.0	1.564366632337796
1380.0	1.564366632337796
1381.0	1.5648148148148149
1382.0	1.5648148148148149
1383.0	1.5648148148148149
1384.0	1.564234326824255
1385.0	1.564234326824255
1386.0	1.5636550308008215
1387.0	1.5636550308008215
1388.0	1.563076923076923
1389.0	1.563076923076923
1390.0	1.5614754098360655
1391.0	1.5629477993858751
1392.0	1.5629477993858751
1393.0	1.5633946830265848
1394.0	1.5628192032686414
1395.0	1.5653061224489795
1396.0	1.5653061224489795
1397.0	1.5657492354740061
1398.0	1.5641547861507128
1399.0	1.5666327568667344
1400.0	1.5666327568667344
1401.0	1.5660569105691058
1402.0	1.5660569105691058
1403.0	1.5660569105691058
1404.0	1.5644670050761422
1405.0	1.5644670050761422
1406.0	1.567951318458418
1407.0	1.56838905775076
1408.0	1.5668016194331984
1409.0	1.5668016194331984
1410.0	1.5668016194331984
1411.0	1.565217391304348
1412.0	1.5656565656565657
1413.0	1.5660948536831483
1414.0	1.5660948536831483
1415.0	1.5665322580645162
1416.0	1.5665322580645162
1417.0	1.5649546827794563
1418.0	1.5643863179074446
1419.0	1.5648241206030151
1420.0	1.5632530120481927
1421.0	1.5616850551654964
1422.0	1.5611222444889779
1423.0	1.5595595595595595
1424.0	1.559
1425.0	1.5584415584415585
1426.0	1.560878243512974
1427.0	1.5613160518444666
1428.0	1.5607569721115537
1429.0	1.5592039800995026
1430.0	1.5586481113320079
1431.0	1.5600794438927508
1432.0	1.5600794438927508
1433.0	1.5615079365079365
1434.0	1.5609514370664024
1435.0	1.5613861386138614
1436.0	1.5618199802176063
1437.0	1.5612648221343874
1438.0	1.562685093780849
1439.0	1.562685093780849
1440.0	1.5621301775147929
1441.0	1.561576354679803
1442.0	1.561023622047244
1443.0	1.5634218289085546
1444.0	1.5648330058939097
1445.0	1.5648330058939097
1446.0	1.5652600588812562
1447.0	1.5676470588235294
1448.0	1.5680705190989226
1449.0	1.5684931506849316
1450.0	1.5679374389051808
1451.0	1.5673828125
1452.0	1.566829268292683
1453.0	1.5682261208576997
1454.0	1.5676728334956183
1455.0	1.5671206225680934
1456.0	1.5671206225680934
1457.0	1.5671206225680934
1458.0	1.5671206225680934
1459.0	1.566569484936832
1460.0	1.566569484936832
1461.0	1.5689320388349515
1462.0	1.5703200775945685
1463.0	1.569767441860465
1464.0	1.5682478218780251
1465.0	1.567698259187621
1466.0	1.5681159420289854
1467.0	1.5675675675675675
1468.0	1.566055930568949
1469.0	1.566055930568949
1470.0	1.5674373795761078
1471.0	1.5707410972088547
1472.0	1.5692307692307692
1473.0	1.5706051873198847
1474.0	1.5706051873198847
1475.0	1.5706051873198847
1476.0	1.5738963531669865
1477.0	1.5738963531669865
1478.0	1.5738963531669865
1479.0	1.5738963531669865
1480.0	1.573346116970278
1481.0	1.5737547892720307
1482.0	1.5737547892720307
1483.0	1.5737547892720307
1484.0	1.5737547892720307
1485.0	1.5760765550239235
1486.0	1.5745697896749522
1487.0	1.5778414517669532
1488.0	1.577290076335878
1489.0	1.577290076335878
1490.0	1.5767397521448998
1491.0	1.5767397521448998
1492.0	1.5752380952380953
1493.0	1.5746907706945765
1494.0	1.5746907706945765
1495.0	1.5746907706945765
1496.0	1.5741444866920151
1497.0	1.5741444866920151
1498.0	1.5741444866920151
1499.0	1.5741444866920151
1500.0	1.5764482431149098
1501.0	1.5759013282732448
1502.0	1.5753554502369669
1503.0	1.5753554502369669
1504.0	1.574810606060606
1505.0	1.5742667928098393
1506.0	1.5746691871455576
1507.0	1.575070821529745
1508.0	1.575070821529745
1509.0	1.5735849056603775
1510.0	1.5730442978322337
1511.0	1.5715630885122411
1512.0	1.5710253998118533
1513.0	1.5704887218045114
1514.0	1.5699530516431925
1515.0	1.5694183864915572
1516.0	1.5726335520149952
1517.0	1.5739700374531835
1518.0	1.5734331150608045
1519.0	1.5734331150608045
1520.0	1.5734331150608045
1521.0	1.574766355140187
1522.0	1.574766355140187
1523.0	1.573295985060691
1524.0	1.573295985060691
1525.0	1.5727611940298507
1526.0	1.5727611940298507
1527.0	1.5727611940298507
1528.0	1.5722273998136067
1529.0	1.5722273998136067
1530.0	1.5716945996275604
1531.0	1.5716945996275604
1532.0	1.5702325581395349
1533.0	1.5697026022304832
1534.0	1.5719591457753017
1535.0	1.5719591457753017
1536.0	1.5719591457753017
1537.0	1.5705009276437847
1538.0	1.5699721964782205
1539.0	1.5703703703703704
1540.0	1.5716928769657725
1541.0	1.5720887245841035
1542.0	1.5715604801477379
1543.0	1.5710332103321034
1544.0	1.5705069124423963
1545.0	1.5705069124423963
1546.0	1.570902394106814
1547.0	1.570902394106814
1548.0	1.570902394106814
1549.0	1.570902394106814
1550.0	1.5722171113155474
1551.0	1.572610294117647
1552.0	1.572610294117647
1553.0	1.572610294117647
1554.0	1.5730027548209367
1555.0	1.5730027548209367
1556.0	1.571559633027523
1557.0	1.571559633027523
1558.0	1.571559633027523
1559.0	1.571559633027523
1560.0	1.5701191567369386
1561.0	1.5701191567369386
1562.0	1.5701191567369386
1563.0	1.5701191567369386
1564.0	1.5714285714285714
1565.0	1.5727355901189386
1566.0	1.5727355901189386
1567.0	1.5727355901189386
1568.0	1.5712979890310785
1569.0	1.5707762557077625
1570.0	1.5707762557077625
1571.0	1.5707762557077625
1572.0	1.5702554744525548
1573.0	1.5702554744525548
1574.0	1.5702554744525548
1575.0	1.5715587967183227
1576.0	1.5715587967183227
1577.0	1.5719489981785064
1578.0	1.5719489981785064
1579.0	1.5719489981785064
1580.0	1.5714285714285714
1581.0	1.5714285714285714
1582.0	1.5709090909090908
1583.0	1.5712988192552226
1584.0	1.5707803992740472
1585.0	1.57116953762466
1586.0	1.57116953762466
1587.0	1.57116953762466
1588.0	1.5724637681159421
1589.0	1.5724637681159421
1590.0	1.571945701357466
1591.0	1.5723327305605788
1592.0	1.5723327305605788
1593.0	1.5727190605239385
1594.0	1.5712996389891696
1595.0	1.5712996389891696
1596.0	1.569882777276826
1597.0	1.569882777276826
1598.0	1.5693693693693693
1599.0	1.5697569756975698
1600.0	1.5692446043165467
1601.0	1.568733153638814
1602.0	1.5691202872531418
1603.0	1.5695067264573992
1604.0	1.5698924731182795
1605.0	1.5684870188003581
1606.0	1.5688729874776386
1607.0	1.5688729874776386
1608.0	1.5683646112600536
1609.0	1.5683646112600536
1610.0	1.5683646112600536
1611.0	1.56875
1612.0	1.5691347011596788
1613.0	1.5686274509803921
1614.0	1.568121104185218
1615.0	1.5667259786476868
1616.0	1.5667259786476868
1617.0	1.5697777777777777
1618.0	1.5697777777777777
1619.0	1.5728241563055063
1620.0	1.572315882874889
1621.0	1.571808510638298
1622.0	1.571808510638298
1623.0	1.571808510638298
1624.0	1.5704162976085032
1625.0	1.5707964601769913
1626.0	1.5707964601769913
1627.0	1.570291777188329
1628.0	1.568904593639576
1629.0	1.5692850838481907
1630.0	1.5692850838481907
1631.0	1.5679012345679013
1632.0	1.5682819383259912
1633.0	1.5695422535211268
1634.0	1.5699208443271768
1635.0	1.569420035149385
1636.0	1.568920105355575
1637.0	1.568421052631579
1638.0	1.567922874671341
1639.0	1.567922874671341
1640.0	1.567922874671341
1641.0	1.5674255691768826
1642.0	1.5660542432195976
1643.0	1.5646853146853146
1644.0	1.5650655021834061
1645.0	1.5650655021834061
1646.0	1.5645724258289704
1647.0	1.5675675675675675
1648.0	1.5679442508710801
1649.0	1.5679442508710801
1650.0	1.5700609225413402
1651.0	1.5700609225413402
1652.0	1.5695652173913044
1653.0	1.5682015638575153
1654.0	1.5682015638575153
1655.0	1.5668402777777777
1656.0	1.5663486556808326
1657.0	1.5658578856152514
1658.0	1.5653679653679653
1659.0	1.564878892733564
1660.0	1.5661192739844425
1661.0	1.5656303972366148
1662.0	1.5656303972366148
1663.0	1.5656303972366148
1664.0	1.5668679896462467
1665.0	1.5663793103448276
1666.0	1.5650301464254952
1667.0	1.5650301464254952
1668.0	1.5654044750430292
1669.0	1.5654044750430292
1670.0	1.5640584694754944
1671.0	1.5644329896907216
1672.0	1.563090128755365
1673.0	1.5617495711835334
1674.0	1.5617495711835334
1675.0	1.5617495711835334
1676.0	1.5604113110539846
1677.0	1.5599315068493151
1678.0	1.5599315068493151
1679.0	1.5599315068493151
1680.0	1.5603079555175363
1681.0	1.5632478632478632
1682.0	1.5627668659265586
1683.0	1.5631399317406143
1684.0	1.5618073316283034
1685.0	1.5621805792163543
1686.0	1.5621805792163543
1687.0	1.5617021276595744
1688.0	1.560374149659864
1689.0	1.560747663551402
1690.0	1.560747663551402
1691.0	1.560747663551402
1692.0	1.560747663551402
1693.0	1.560747663551402
1694.0	1.5602716468590832
1695.0	1.563189143341815
1696.0	1.5627118644067797
1697.0	1.5627118644067797
1698.0	1.5622353937341236
1699.0	1.5617597292724197
1700.0	1.5617597292724197
1701.0	1.5604395604395604
1702.0	1.5591216216216217
1703.0	1.5591216216216217
1704.0	1.5586497890295359
1705.0	1.5581787521079258
1706.0	1.5581787521079258
1707.0	1.5581787521079258
1708.0	1.5581787521079258
1709.0	1.5593934288121314
1710.0	1.5589225589225588
1711.0	1.558452481076535
1712.0	1.5571428571428572
1713.0	1.5558354324097396
1714.0	1.5570469798657718
1715.0	1.5570469798657718
1716.0	1.556580050293378
1717.0	1.5552763819095476
1718.0	1.5548117154811716
1719.0	1.5543478260869565
1720.0	1.5538847117794485
1721.0	1.5534223706176962
1722.0	1.5546288573811509
1723.0	1.5546288573811509
1724.0	1.5566666666666666
1725.0	1.556203164029975
1726.0	1.5557404326123128
1727.0	1.5577722360764754
1728.0	1.558139534883721
1729.0	1.55850622406639
1730.0	1.55850622406639
1731.0	1.5580431177446104
1732.0	1.5575807787903895
1733.0	1.5579470198675496
1734.0	1.5574855252274606
1735.0	1.5574855252274606
1736.0	1.5574855252274606
1737.0	1.5574855252274606
1738.0	1.5570247933884298
1739.0	1.5565648224607762
1740.0	1.5565648224607762
1741.0	1.5552805280528053
1742.0	1.5556471558120362
1743.0	1.5556471558120362
1744.0	1.5556471558120362
1745.0	1.5543657331136738
1746.0	1.5530864197530865
1747.0	1.5526315789473684
1748.0	1.5538208709942483
1749.0	1.5533661740558293
1750.0	1.5529122231337162
1751.0	1.5532786885245902
1752.0	1.552006552006552
1753.0	1.5515548281505729
1754.0	1.5502861815208504
1755.0	1.5498366013071896
1756.0	1.5498366013071896
1757.0	1.5498366013071896
1758.0	1.5493877551020407
1759.0	1.5497553017944534
1760.0	1.5497553017944534
1761.0	1.5497553017944534
1762.0	1.5493072534637327
1763.0	1.548045602605863
1764.0	1.5475996745321399
1765.0	1.5471544715447154
1766.0	1.5475223395613322
1767.0	1.5462662337662338
1768.0	1.5450121654501217
1769.0	1.5450121654501217
1770.0	1.5437601296596435
1771.0	1.545748987854251
1772.0	1.545748987854251
1773.0	1.5453074433656957
1774.0	1.5456750202101859
1775.0	1.5456750202101859
1776.0	1.5456750202101859
1777.0	1.5452342487883683
1778.0	1.5447941888619854
1779.0	1.543548387096774
1780.0	1.5447219983883964
1781.0	1.5450885668276972
1782.0	1.5450885668276972
1783.0	1.5450885668276972
1784.0	1.5462590506838294
1785.0	1.5482315112540193
1786.0	1.5485943775100401
1787.0	1.5485943775100401
1788.0	1.5489566613162118
1789.0	1.5485164394546913
1790.0	1.5485164394546913
1791.0	1.5485164394546913
1792.0	1.548878205128205
1793.0	1.5476381104883907
1794.0	1.5472
1795.0	1.5475619504396483
1796.0	1.5471246006389776
1797.0	1.5466879489225858
1798.0	1.5462519936204147
1799.0	1.5450199203187251
1800.0	1.5437898089171975
1801.0	1.5437898089171975
1802.0	1.5465393794749402
1803.0	1.5465393794749402
1804.0	1.5492845786963434
1805.0	1.5496425734710086
1806.0	1.5492063492063493
1807.0	1.5492063492063493
1808.0	1.5479777954004759
1809.0	1.5467511885895404
1810.0	1.5467511885895404
1811.0	1.5455265241488518
1812.0	1.5443037974683544
1813.0	1.5470355731225296
1814.0	1.54739336492891
1815.0	1.54739336492891
1816.0	1.5469613259668509
1817.0	1.5496845425867507
1818.0	1.5496845425867507
1819.0	1.5496845425867507
1820.0	1.549251379038613
1821.0	1.5496062992125985
1822.0	1.5496062992125985
1823.0	1.5499606608969316
1824.0	1.5526729559748427
1825.0	1.5522388059701493
1826.0	1.5510204081632653
1827.0	1.5510204081632653
1828.0	1.5521568627450981
1829.0	1.5517241379310345
1830.0	1.5512920908379013
1831.0	1.551643192488263
1832.0	1.5527756059421423
1833.0	1.5527756059421423
1834.0	1.553125
1835.0	1.553125
1836.0	1.553125
1837.0	1.5542544886807181
1838.0	1.5530421216848673
1839.0	1.5518316445830085
1840.0	1.5514018691588785
1841.0	1.5525291828793775
1842.0	1.552099533437014
1843.0	1.552099533437014
1844.0	1.554001554001554
1845.0	1.5543478260869565
1846.0	1.5543478260869565
1847.0	1.5543478260869565
1848.0	1.557020946470132
1849.0	1.5565891472868216
1850.0	1.5561580170410534
1851.0	1.5580495356037152
1852.0	1.5580495356037152
1853.0	1.5576179427687549
1854.0	1.5571870170015456
1855.0	1.5575289575289575
1856.0	1.5575289575289575
1857.0	1.5578703703703705
1858.0	1.5574402467232074
1859.0	1.5570107858243452
1860.0	1.5570107858243452
1861.0	1.556581986143187
1862.0	1.5576923076923077
1863.0	1.5576923076923077
1864.0	1.5588009223674097
1865.0	1.5588009223674097
1866.0	1.5591397849462365
1867.0	1.557943207981581
1868.0	1.5582822085889572
1869.0	1.5578544061302682
1870.0	1.557427258805513
1871.0	1.557427258805513
1872.0	1.557427258805513
1873.0	1.5562356541698545
1874.0	1.555810397553517
1875.0	1.5546218487394958
1876.0	1.5546218487394958
1877.0	1.5534351145038168
1878.0	1.555301296720061
1879.0	1.5541158536585367
1880.0	1.5544554455445545
1881.0	1.5532724505327244
1882.0	1.5536121673003802
1883.0	1.553951367781155
1884.0	1.5550493545937738
1885.0	1.5550493545937738
1886.0	1.554628224582701
1887.0	1.554628224582701
1888.0	1.5534495830174375
1889.0	1.5534495830174375
1890.0	1.553030303030303
1891.0	1.553030303030303
1892.0	1.5533686601059804
1893.0	1.5537065052950076
1894.0	1.5532879818594105
1895.0	1.5532879818594105
1896.0	1.5532879818594105
1897.0	1.552870090634441
1898.0	1.5554716981132075
1899.0	1.555052790346908
1900.0	1.557648831951771
1901.0	1.5572289156626506
1902.0	1.5560571858540255
1903.0	1.556390977443609
1904.0	1.556724267468069
1905.0	1.556724267468069
1906.0	1.557057057057057
1907.0	1.558139534883721
1908.0	1.558139534883721
1909.0	1.5577211394302848
1910.0	1.5588014981273408
1911.0	1.5591317365269461
1912.0	1.5587135377711294
1913.0	1.5582959641255605
1914.0	1.5586258401792383
1915.0	1.5582089552238807
1916.0	1.558538404175988
1917.0	1.558538404175988
1918.0	1.5581222056631894
1919.0	1.5577066269545794
1920.0	1.5602678571428572
1921.0	1.5591078066914499
1922.0	1.5586924219910847
1923.0	1.5575352635486266
1924.0	1.556379821958457
1925.0	1.556379821958457
1926.0	1.558932542624166
