0.0	3.0
1.0	3.3333333333333335
2.0	3.2
3.0	3.5
4.0	3.4285714285714284
5.0	3.4285714285714284
6.0	3.4285714285714284
7.0	3.375
8.0	2.8125
9.0	2.8125
10.0	2.8125
11.0	2.8125
12.0	2.8125
13.0	2.8125
14.0	2.8125
15.0	2.8125
16.0	2.736842105263158
17.0	2.6363636363636362
18.0	2.6363636363636362
19.0	2.6363636363636362
20.0	2.6333333333333333
21.0	2.6333333333333333
22.0	2.6333333333333333
23.0	2.6333333333333333
24.0	2.53125
25.0	2.4722222222222223
26.0	2.5135135135135136
27.0	2.5641025641025643
28.0	2.575
29.0	2.5365853658536586
30.0	2.5365853658536586
31.0	2.5365853658536586
32.0	2.7045454545454546
33.0	2.7083333333333335
34.0	2.7083333333333335
35.0	2.7083333333333335
36.0	2.8
37.0	2.8
38.0	2.8
39.0	2.8
40.0	2.8
41.0	2.8
42.0	2.8
43.0	2.8
44.0	2.8
45.0	2.8
46.0	2.8
47.0	2.826923076923077
48.0	2.826923076923077
49.0	2.826923076923077
50.0	2.826923076923077
51.0	2.826923076923077
52.0	2.826923076923077
53.0	2.826923076923077
54.0	2.826923076923077
55.0	2.826923076923077
56.0	2.826923076923077
57.0	2.826923076923077
58.0	2.826923076923077
59.0	2.826923076923077
60.0	2.826923076923077
61.0	2.826923076923077
62.0	2.826923076923077
63.0	2.826923076923077
64.0	2.727272727272727
65.0	2.727272727272727
66.0	2.727272727272727
67.0	2.727272727272727
68.0	2.727272727272727
69.0	2.727272727272727
70.0	2.727272727272727
71.0	2.727272727272727
72.0	2.727272727272727
73.0	2.727272727272727
74.0	2.727272727272727
75.0	2.6964285714285716
76.0	2.6964285714285716
77.0	2.6964285714285716
78.0	2.6964285714285716
79.0	2.6666666666666665
80.0	2.711864406779661
81.0	2.75
82.0	2.75
83.0	2.7540983606557377
84.0	2.7580645161290325
85.0	2.7580645161290325
86.0	2.769230769230769
87.0	2.742424242424242
88.0	2.746268656716418
89.0	2.746268656716418
90.0	2.746268656716418
91.0	2.746268656716418
92.0	2.746268656716418
93.0	2.746268656716418
94.0	2.746268656716418
95.0	2.676056338028169
96.0	2.676056338028169
97.0	2.676056338028169
98.0	2.676056338028169
99.0	2.7260273972602738
100.0	2.6202531645569622
101.0	2.6202531645569622
102.0	2.6202531645569622
103.0	2.597560975609756
104.0	2.5568181818181817
105.0	2.5568181818181817
106.0	2.641304347826087
107.0	2.6702127659574466
108.0	2.649484536082474
109.0	2.676767676767677
110.0	2.676767676767677
111.0	2.621359223300971
112.0	2.6153846153846154
113.0	2.6448598130841123
114.0	2.6
115.0	2.6
116.0	2.6
117.0	2.6
118.0	2.6
119.0	2.5309734513274336
120.0	2.517543859649123
121.0	2.5043478260869567
122.0	2.5
123.0	2.4871794871794872
124.0	2.4871794871794872
125.0	2.4871794871794872
126.0	2.4871794871794872
127.0	2.4871794871794872
128.0	2.4871794871794872
129.0	2.4871794871794872
130.0	2.4871794871794872
131.0	2.4871794871794872
132.0	2.4871794871794872
133.0	2.5166666666666666
134.0	2.520661157024793
135.0	2.540983606557377
136.0	2.540983606557377
137.0	2.540983606557377
138.0	2.540983606557377
139.0	2.540983606557377
140.0	2.5609756097560976
141.0	2.5806451612903225
142.0	2.56
143.0	2.5714285714285716
144.0	2.6015625
145.0	2.6
146.0	2.628787878787879
147.0	2.656716417910448
148.0	2.6838235294117645
149.0	2.6956521739130435
150.0	2.6956521739130435
151.0	2.6956521739130435
152.0	2.6956521739130435
153.0	2.6956521739130435
154.0	2.697841726618705
155.0	2.697841726618705
156.0	2.697841726618705
157.0	2.697841726618705
158.0	2.723404255319149
159.0	2.717241379310345
160.0	2.732876712328767
161.0	2.748299319727891
162.0	2.801324503311258
163.0	2.801324503311258
164.0	2.78343949044586
165.0	2.7791411042944785
166.0	2.757575757575758
167.0	2.7810650887573964
168.0	2.7823529411764705
169.0	2.7613636363636362
170.0	2.741758241758242
171.0	2.7431693989071038
172.0	2.7431693989071038
173.0	2.7431693989071038
174.0	2.718918918918919
175.0	2.718918918918919
176.0	2.718918918918919
177.0	2.718918918918919
178.0	2.7195767195767195
179.0	2.7195767195767195
180.0	2.721052631578947
181.0	2.7329842931937174
182.0	2.756476683937824
183.0	2.752577319587629
184.0	2.782828282828283
185.0	2.782828282828283
186.0	2.782828282828283
187.0	2.782828282828283
188.0	2.782828282828283
189.0	2.782828282828283
190.0	2.782828282828283
191.0	2.795
192.0	2.8059701492537314
193.0	2.8168316831683167
194.0	2.8168316831683167
195.0	2.8226600985221677
196.0	2.8300970873786406
197.0	2.8260869565217392
198.0	2.8260869565217392
199.0	2.8260869565217392
200.0	2.8260869565217392
201.0	2.8260869565217392
202.0	2.8380952380952382
203.0	2.8380952380952382
204.0	2.843601895734597
205.0	2.839622641509434
206.0	2.839622641509434
207.0	2.839622641509434
208.0	2.8287037037037037
209.0	2.8287037037037037
210.0	2.824884792626728
211.0	2.8009049773755654
212.0	2.7972972972972974
213.0	2.8080357142857144
214.0	2.8080357142857144
215.0	2.814977973568282
216.0	2.8157894736842106
217.0	2.816593886462882
218.0	2.816593886462882
219.0	2.8025751072961373
220.0	2.8025751072961373
221.0	2.8025751072961373
222.0	2.821276595744681
223.0	2.85
224.0	2.825910931174089
225.0	2.8293650793650795
226.0	2.8293650793650795
227.0	2.8293650793650795
228.0	2.8293650793650795
229.0	2.8293650793650795
230.0	2.8293650793650795
231.0	2.8293650793650795
232.0	2.8293650793650795
233.0	2.8293650793650795
234.0	2.8293650793650795
235.0	2.8293650793650795
236.0	2.8293650793650795
237.0	2.8293650793650795
238.0	2.8293650793650795
239.0	2.8293650793650795
240.0	2.8293650793650795
241.0	2.8171206225680936
242.0	2.8153846153846156
243.0	2.8153846153846156
244.0	2.8237547892720305
245.0	2.8237547892720305
246.0	2.8333333333333335
247.0	2.8407407407407406
248.0	2.8649635036496353
249.0	2.844765342960289
250.0	2.844765342960289
251.0	2.841726618705036
252.0	2.841726618705036
253.0	2.8540925266903914
254.0	2.847517730496454
255.0	2.847517730496454
256.0	2.847517730496454
257.0	2.847517730496454
258.0	2.847517730496454
259.0	2.847517730496454
260.0	2.847517730496454
261.0	2.8551236749116606
262.0	2.8551236749116606
263.0	2.862676056338028
264.0	2.862676056338028
265.0	2.8701754385964913
266.0	2.8701754385964913
267.0	2.8701754385964913
268.0	2.8701754385964913
269.0	2.8701754385964913
270.0	2.8776223776223775
271.0	2.8776223776223775
272.0	2.8776223776223775
273.0	2.8776223776223775
274.0	2.8776223776223775
275.0	2.8780487804878048
276.0	2.8527397260273974
277.0	2.8527397260273974
278.0	2.857142857142857
279.0	2.857142857142857
280.0	2.857142857142857
281.0	2.857142857142857
282.0	2.8412162162162162
283.0	2.8412162162162162
284.0	2.8412162162162162
285.0	2.798679867986799
286.0	2.798679867986799
287.0	2.798679867986799
288.0	2.798679867986799
289.0	2.798679867986799
290.0	2.798679867986799
291.0	2.80327868852459
292.0	2.80327868852459
293.0	2.803921568627451
294.0	2.7864077669902914
295.0	2.7864077669902914
296.0	2.7864077669902914
297.0	2.7864077669902914
298.0	2.7864077669902914
299.0	2.7864077669902914
300.0	2.7864077669902914
301.0	2.7864077669902914
302.0	2.7916666666666665
303.0	2.7916666666666665
304.0	2.7916666666666665
305.0	2.7916666666666665
306.0	2.7916666666666665
307.0	2.7916666666666665
308.0	2.7916666666666665
309.0	2.7916666666666665
310.0	2.7916666666666665
311.0	2.7916666666666665
312.0	2.7916666666666665
313.0	2.7916666666666665
314.0	2.7916666666666665
315.0	2.7916666666666665
316.0	2.7916666666666665
317.0	2.7916666666666665
318.0	2.7916666666666665
319.0	2.7916666666666665
320.0	2.7916666666666665
321.0	2.7916666666666665
322.0	2.7916666666666665
323.0	2.7916666666666665
324.0	2.7916666666666665
325.0	2.7916666666666665
326.0	2.7916666666666665
327.0	2.7916666666666665
328.0	2.7916666666666665
329.0	2.7916666666666665
330.0	2.7916666666666665
331.0	2.787301587301587
332.0	2.787974683544304
333.0	2.787974683544304
334.0	2.7708978328173375
335.0	2.7708978328173375
336.0	2.7708978328173375
337.0	2.7708978328173375
338.0	2.7720364741641337
339.0	2.7720364741641337
340.0	2.7720364741641337
341.0	2.7720364741641337
342.0	2.7720364741641337
343.0	2.7720364741641337
344.0	2.7720364741641337
345.0	2.7720364741641337
346.0	2.7720364741641337
347.0	2.7720364741641337
348.0	2.7720364741641337
349.0	2.7720364741641337
350.0	2.7764350453172204
351.0	2.7771084337349397
352.0	2.7771084337349397
353.0	2.7771084337349397
354.0	2.7717717717717716
355.0	2.7717717717717716
356.0	2.7717717717717716
357.0	2.7717717717717716
358.0	2.7717717717717716
359.0	2.7717717717717716
360.0	2.7717717717717716
361.0	2.7717717717717716
362.0	2.7664670658682633
363.0	2.7664670658682633
364.0	2.7664670658682633
365.0	2.7664670658682633
366.0	2.7664670658682633
367.0	2.7589285714285716
368.0	2.7589285714285716
369.0	2.7596439169139466
370.0	2.7596439169139466
371.0	2.7596439169139466
372.0	2.7596439169139466
373.0	2.7596439169139466
374.0	2.7596439169139466
375.0	2.7705882352941176
376.0	2.7705882352941176
377.0	2.7705882352941176
378.0	2.783625730994152
379.0	2.783625730994152
380.0	2.783625730994152
381.0	2.7761627906976742
382.0	2.7761627906976742
383.0	2.7761627906976742
384.0	2.7761627906976742
385.0	2.7761627906976742
386.0	2.7761627906976742
387.0	2.7761627906976742
388.0	2.7761627906976742
389.0	2.7761627906976742
390.0	2.7761627906976742
391.0	2.7761627906976742
392.0	2.7761627906976742
393.0	2.7761627906976742
394.0	2.7761627906976742
395.0	2.7761627906976742
396.0	2.7761627906976742
397.0	2.7761627906976742
398.0	2.7761627906976742
399.0	2.7761627906976742
400.0	2.7658959537572256
401.0	2.7891737891737893
402.0	2.784090909090909
403.0	2.784090909090909
404.0	2.784090909090909
405.0	2.784090909090909
406.0	2.784090909090909
407.0	2.784090909090909
408.0	2.784090909090909
409.0	2.785310734463277
410.0	2.785310734463277
411.0	2.785310734463277
412.0	2.785310734463277
413.0	2.785310734463277
414.0	2.785310734463277
415.0	2.785310734463277
416.0	2.785310734463277
417.0	2.785310734463277
418.0	2.785310734463277
419.0	2.785310734463277
420.0	2.785310734463277
421.0	2.7859154929577463
422.0	2.7859154929577463
423.0	2.7859154929577463
424.0	2.7859154929577463
425.0	2.792134831460674
426.0	2.7927170868347337
427.0	2.7927170868347337
428.0	2.7927170868347337
429.0	2.787709497206704
430.0	2.787709497206704
431.0	2.787709497206704
432.0	2.787709497206704
433.0	2.787709497206704
434.0	2.787709497206704
435.0	2.787709497206704
436.0	2.787709497206704
437.0	2.787709497206704
438.0	2.787709497206704
439.0	2.775623268698061
440.0	2.775623268698061
441.0	2.758241758241758
442.0	2.758241758241758
443.0	2.758241758241758
444.0	2.7534246575342465
445.0	2.7534246575342465
446.0	2.7534246575342465
447.0	2.7534246575342465
448.0	2.7534246575342465
449.0	2.7534246575342465
450.0	2.7534246575342465
451.0	2.7534246575342465
452.0	2.7534246575342465
453.0	2.7534246575342465
454.0	2.7534246575342465
455.0	2.7534246575342465
456.0	2.7534246575342465
457.0	2.7534246575342465
458.0	2.7534246575342465
459.0	2.7534246575342465
460.0	2.7520435967302452
461.0	2.757412398921833
462.0	2.757412398921833
463.0	2.757412398921833
464.0	2.757412398921833
465.0	2.757412398921833
466.0	2.757412398921833
467.0	2.757412398921833
468.0	2.757412398921833
469.0	2.757412398921833
470.0	2.757412398921833
471.0	2.757412398921833
472.0	2.757412398921833
473.0	2.745308310991957
474.0	2.726790450928382
475.0	2.726790450928382
476.0	2.728232189973615
477.0	2.728232189973615
478.0	2.722513089005236
479.0	2.722513089005236
480.0	2.7284595300261096
481.0	2.7284595300261096
482.0	2.734375
483.0	2.734375
484.0	2.734375
485.0	2.734375
486.0	2.734375
487.0	2.734375
488.0	2.735064935064935
489.0	2.735064935064935
490.0	2.735064935064935
491.0	2.735064935064935
492.0	2.735064935064935
493.0	2.735064935064935
494.0	2.735064935064935
495.0	2.735064935064935
496.0	2.735064935064935
497.0	2.735064935064935
498.0	2.735064935064935
499.0	2.735064935064935
500.0	2.709511568123393
501.0	2.709511568123393
502.0	2.709511568123393
503.0	2.709511568123393
504.0	2.709511568123393
505.0	2.709511568123393
506.0	2.709511568123393
507.0	2.709511568123393
508.0	2.709511568123393
509.0	2.709511568123393
510.0	2.709511568123393
511.0	2.709511568123393
512.0	2.6989795918367347
513.0	2.6989795918367347
514.0	2.6989795918367347
515.0	2.681012658227848
516.0	2.681012658227848
517.0	2.681012658227848
518.0	2.681012658227848
519.0	2.681012658227848
520.0	2.681012658227848
521.0	2.681012658227848
522.0	2.681012658227848
523.0	2.681012658227848
524.0	2.681012658227848
525.0	2.681012658227848
526.0	2.681012658227848
527.0	2.681012658227848
528.0	2.681012658227848
529.0	2.6766917293233083
530.0	2.6766917293233083
531.0	2.6766917293233083
532.0	2.654320987654321
533.0	2.654320987654321
534.0	2.6527093596059115
535.0	2.648780487804878
536.0	2.6447688564476888
537.0	2.6447688564476888
538.0	2.6447688564476888
539.0	2.6447688564476888
540.0	2.6447688564476888
541.0	2.6480582524271843
542.0	2.637019230769231
543.0	2.637019230769231
544.0	2.637019230769231
545.0	2.637019230769231
546.0	2.637019230769231
547.0	2.637019230769231
548.0	2.637019230769231
549.0	2.637019230769231
550.0	2.637019230769231
551.0	2.649164677804296
552.0	2.649164677804296
553.0	2.649164677804296
554.0	2.649164677804296
555.0	2.649164677804296
556.0	2.649164677804296
557.0	2.649164677804296
558.0	2.649164677804296
559.0	2.649164677804296
560.0	2.649164677804296
561.0	2.649164677804296
562.0	2.649164677804296
563.0	2.649164677804296
564.0	2.649164677804296
565.0	2.649164677804296
566.0	2.649164677804296
567.0	2.649164677804296
568.0	2.649164677804296
569.0	2.649164677804296
570.0	2.642857142857143
571.0	2.639810426540284
572.0	2.6297169811320753
573.0	2.6297169811320753
574.0	2.631455399061033
575.0	2.631455399061033
576.0	2.6261682242990654
577.0	2.616279069767442
578.0	2.6129032258064515
579.0	2.6129032258064515
580.0	2.6129032258064515
581.0	2.6129032258064515
582.0	2.613793103448276
583.0	2.613793103448276
584.0	2.6132723112128144
585.0	2.6164383561643834
586.0	2.6173120728929384
587.0	2.6094808126410833
588.0	2.6103603603603602
589.0	2.6103603603603602
590.0	2.597315436241611
591.0	2.597315436241611
592.0	2.597315436241611
593.0	2.588888888888889
594.0	2.588888888888889
595.0	2.588888888888889
596.0	2.576158940397351
597.0	2.576158940397351
598.0	2.576158940397351
599.0	2.573626373626374
600.0	2.573626373626374
601.0	2.5851528384279474
602.0	2.5851528384279474
603.0	2.5851528384279474
604.0	2.5788336933045355
605.0	2.592274678111588
606.0	2.592274678111588
607.0	2.5974304068522485
608.0	2.5974304068522485
609.0	2.5974304068522485
610.0	2.5974304068522485
611.0	2.5974304068522485
612.0	2.5927505330490406
613.0	2.5881104033970277
614.0	2.5881104033970277
615.0	2.5881104033970277
616.0	2.5881104033970277
617.0	2.5881104033970277
618.0	2.5780590717299576
619.0	2.5780590717299576
620.0	2.5780590717299576
621.0	2.5780590717299576
622.0	2.5780590717299576
623.0	2.5780590717299576
624.0	2.5780590717299576
625.0	2.5780590717299576
626.0	2.558333333333333
627.0	2.558333333333333
628.0	2.558333333333333
629.0	2.5539419087136928
630.0	2.5539419087136928
631.0	2.537037037037037
632.0	2.537037037037037
633.0	2.537037037037037
634.0	2.537037037037037
635.0	2.537037037037037
636.0	2.537037037037037
637.0	2.537037037037037
638.0	2.537037037037037
639.0	2.537037037037037
640.0	2.537037037037037
641.0	2.537987679671458
642.0	2.540983606557377
643.0	2.537832310838446
644.0	2.5478615071283097
645.0	2.5456389452332657
646.0	2.54251012145749
647.0	2.5393939393939395
648.0	2.533199195171026
649.0	2.532128514056225
650.0	2.531062124248497
651.0	2.528
652.0	2.5269461077844313
653.0	2.5318725099601593
654.0	2.5318725099601593
655.0	2.5318725099601593
656.0	2.5318725099601593
