0.0	NaN
1.0	NaN
2.0	NaN
3.0	NaN
4.0	NaN
5.0	NaN
6.0	NaN
7.0	NaN
8.0	NaN
9.0	NaN
10.0	5.0
11.0	5.0
12.0	5.0
13.0	5.0
14.0	5.0
15.0	5.0
16.0	5.0
17.0	5.0
18.0	5.0
19.0	5.0
20.0	5.0
21.0	5.0
22.0	5.0
23.0	5.0
24.0	5.0
25.0	5.0
26.0	5.0
27.0	5.0
28.0	5.0
29.0	5.0
30.0	5.0
31.0	5.0
32.0	5.0
33.0	5.0
34.0	5.0
35.0	5.0
36.0	5.0
37.0	5.0
38.0	5.0
39.0	5.0
40.0	5.0
41.0	5.0
42.0	5.0
43.0	5.0
44.0	5.0
45.0	4.5
46.0	4.5
47.0	4.4
48.0	4.4
49.0	4.4
50.0	4.4
51.0	4.4
52.0	4.4
53.0	4.4
54.0	4.4
55.0	4.4
56.0	4.333333333333333
57.0	4.333333333333333
58.0	4.333333333333333
59.0	4.333333333333333
60.0	4.333333333333333
61.0	4.333333333333333
62.0	4.333333333333333
63.0	4.333333333333333
64.0	4.333333333333333
65.0	4.333333333333333
66.0	4.333333333333333
67.0	4.333333333333333
68.0	4.333333333333333
69.0	4.333333333333333
70.0	4.333333333333333
71.0	4.333333333333333
72.0	4.333333333333333
73.0	4.333333333333333
74.0	4.333333333333333
75.0	4.333333333333333
76.0	4.333333333333333
77.0	4.333333333333333
78.0	4.333333333333333
79.0	4.285714285714286
80.0	4.285714285714286
81.0	4.285714285714286
82.0	4.285714285714286
83.0	4.285714285714286
84.0	4.285714285714286
85.0	4.285714285714286
86.0	4.285714285714286
87.0	4.285714285714286
88.0	4.285714285714286
89.0	4.285714285714286
90.0	4.285714285714286
91.0	4.285714285714286
92.0	4.285714285714286
93.0	4.285714285714286
94.0	4.285714285714286
95.0	4.285714285714286
96.0	4.285714285714286
97.0	4.285714285714286
98.0	4.285714285714286
99.0	4.285714285714286
100.0	4.285714285714286
101.0	4.285714285714286
102.0	4.25
103.0	4.25
104.0	4.25
105.0	4.25
106.0	4.25
107.0	4.25
108.0	4.25
109.0	4.25
110.0	4.25
111.0	4.25
112.0	4.25
113.0	4.25
114.0	4.25
115.0	4.25
116.0	4.25
117.0	4.25
118.0	4.25
119.0	4.25
120.0	4.25
121.0	4.25
122.0	4.25
123.0	4.25
124.0	4.25
125.0	4.25
126.0	4.25
127.0	4.25
128.0	4.111111111111111
129.0	4.111111111111111
130.0	4.111111111111111
131.0	4.111111111111111
132.0	4.111111111111111
133.0	4.111111111111111
134.0	4.111111111111111
135.0	4.111111111111111
136.0	4.111111111111111
137.0	4.111111111111111
138.0	4.111111111111111
139.0	4.111111111111111
140.0	4.111111111111111
141.0	4.111111111111111
142.0	4.111111111111111
143.0	4.111111111111111
144.0	4.111111111111111
145.0	4.111111111111111
146.0	4.111111111111111
147.0	4.111111111111111
148.0	4.111111111111111
149.0	4.111111111111111
150.0	4.111111111111111
151.0	4.111111111111111
152.0	4.111111111111111
153.0	4.111111111111111
154.0	4.111111111111111
155.0	4.111111111111111
156.0	4.111111111111111
157.0	4.111111111111111
158.0	4.111111111111111
159.0	4.111111111111111
160.0	4.111111111111111
161.0	4.111111111111111
162.0	4.111111111111111
163.0	4.111111111111111
164.0	4.111111111111111
165.0	4.111111111111111
166.0	4.111111111111111
167.0	4.111111111111111
168.0	4.111111111111111
169.0	4.111111111111111
170.0	4.1
171.0	4.1
172.0	4.1
173.0	4.1
174.0	4.1
175.0	4.1
176.0	4.1
177.0	4.1
178.0	4.1
179.0	4.1
180.0	4.1
181.0	4.1
182.0	4.1
183.0	4.1
184.0	4.1
185.0	4.1
186.0	4.1
187.0	4.1
188.0	4.1
189.0	4.1
190.0	4.1
191.0	4.1
192.0	4.1
193.0	4.1
194.0	4.090909090909091
195.0	4.0
196.0	4.0
197.0	4.0
198.0	4.0
199.0	4.0
200.0	4.0
201.0	4.0
202.0	4.0
203.0	4.0
204.0	4.0
205.0	4.0
206.0	4.0
207.0	4.0
208.0	4.0
209.0	4.0
210.0	4.0
211.0	4.0
212.0	4.0
213.0	4.0
214.0	4.0
215.0	4.0
216.0	4.0
217.0	4.0
218.0	4.0
219.0	4.0
220.0	4.0
221.0	4.0
222.0	4.0
223.0	4.0
224.0	4.0
225.0	4.0
226.0	4.0
227.0	4.0
228.0	4.0
229.0	3.8461538461538463
230.0	3.8461538461538463
231.0	3.8461538461538463
232.0	3.8461538461538463
233.0	3.8461538461538463
234.0	3.8461538461538463
235.0	3.8461538461538463
236.0	3.8461538461538463
237.0	3.857142857142857
238.0	3.857142857142857
239.0	3.857142857142857
240.0	3.857142857142857
241.0	3.857142857142857
242.0	3.857142857142857
243.0	3.857142857142857
244.0	3.857142857142857
245.0	3.857142857142857
246.0	3.857142857142857
247.0	3.857142857142857
248.0	3.857142857142857
249.0	3.857142857142857
250.0	3.857142857142857
251.0	3.857142857142857
252.0	3.857142857142857
253.0	3.857142857142857
254.0	3.857142857142857
255.0	3.857142857142857
256.0	3.857142857142857
257.0	3.857142857142857
258.0	3.857142857142857
259.0	3.857142857142857
260.0	3.857142857142857
261.0	3.857142857142857
262.0	3.857142857142857
263.0	3.857142857142857
264.0	3.857142857142857
265.0	3.857142857142857
266.0	3.857142857142857
267.0	3.857142857142857
268.0	3.857142857142857
269.0	3.8666666666666667
270.0	3.8666666666666667
271.0	3.8666666666666667
272.0	3.8666666666666667
273.0	3.8666666666666667
274.0	3.8125
275.0	3.7058823529411766
276.0	3.7058823529411766
277.0	3.7058823529411766
278.0	3.7058823529411766
279.0	3.7058823529411766
280.0	3.7058823529411766
281.0	3.7058823529411766
282.0	3.7058823529411766
283.0	3.7058823529411766
284.0	3.7058823529411766
285.0	3.7058823529411766
286.0	3.7058823529411766
287.0	3.7058823529411766
288.0	3.7058823529411766
289.0	3.7222222222222223
290.0	3.7222222222222223
291.0	3.7222222222222223
292.0	3.7222222222222223
293.0	3.6842105263157894
294.0	3.6842105263157894
295.0	3.6842105263157894
296.0	3.6842105263157894
297.0	3.6842105263157894
298.0	3.6842105263157894
299.0	3.6842105263157894
300.0	3.6842105263157894
301.0	3.6842105263157894
302.0	3.6842105263157894
303.0	3.6842105263157894
304.0	3.6842105263157894
305.0	3.6842105263157894
306.0	3.6842105263157894
307.0	3.6842105263157894
308.0	3.6842105263157894
309.0	3.7
310.0	3.7
311.0	3.7
312.0	3.7
313.0	3.7
314.0	3.7
315.0	3.7
316.0	3.7
317.0	3.7
318.0	3.7
319.0	3.7
320.0	3.7
321.0	3.7
322.0	3.7
323.0	3.7
324.0	3.7
325.0	3.7
326.0	3.7
327.0	3.7
328.0	3.7
329.0	3.7
330.0	3.7
331.0	3.7
332.0	3.7
333.0	3.7
334.0	3.7
335.0	3.7
336.0	3.7
337.0	3.7
338.0	3.7
339.0	3.7142857142857144
340.0	3.7142857142857144
341.0	3.6363636363636362
342.0	3.608695652173913
343.0	3.5833333333333335
344.0	3.5833333333333335
345.0	3.56
346.0	3.56
347.0	3.56
348.0	3.56
349.0	3.56
350.0	3.56
351.0	3.56
352.0	3.56
353.0	3.56
354.0	3.56
355.0	3.56
356.0	3.56
357.0	3.56
358.0	3.56
359.0	3.56
360.0	3.56
361.0	3.56
362.0	3.56
363.0	3.56
364.0	3.56
365.0	3.56
366.0	3.56
367.0	3.56
368.0	3.56
369.0	3.56
370.0	3.56
371.0	3.56
372.0	3.56
373.0	3.56
374.0	3.56
375.0	3.56
376.0	3.56
377.0	3.56
378.0	3.56
379.0	3.56
380.0	3.56
381.0	3.56
382.0	3.56
383.0	3.56
384.0	3.56
385.0	3.56
386.0	3.56
387.0	3.56
388.0	3.56
389.0	3.5384615384615383
390.0	3.5384615384615383
391.0	3.5384615384615383
392.0	3.5384615384615383
393.0	3.5384615384615383
394.0	3.5384615384615383
395.0	3.5384615384615383
396.0	3.5384615384615383
397.0	3.5384615384615383
398.0	3.5384615384615383
399.0	3.5384615384615383
400.0	3.5384615384615383
401.0	3.5384615384615383
402.0	3.5384615384615383
403.0	3.5384615384615383
404.0	3.5384615384615383
405.0	3.5384615384615383
406.0	3.5384615384615383
407.0	3.5384615384615383
408.0	3.5384615384615383
409.0	3.5384615384615383
410.0	3.5384615384615383
411.0	3.5384615384615383
412.0	3.5384615384615383
413.0	3.5384615384615383
414.0	3.5384615384615383
415.0	3.5384615384615383
416.0	3.5384615384615383
417.0	3.5384615384615383
418.0	3.5384615384615383
419.0	3.5384615384615383
420.0	3.5555555555555554
421.0	3.5555555555555554
422.0	3.5555555555555554
423.0	3.5555555555555554
424.0	3.5555555555555554
425.0	3.5555555555555554
426.0	3.5555555555555554
427.0	3.5555555555555554
428.0	3.5555555555555554
429.0	3.5555555555555554
430.0	3.5357142857142856
431.0	3.5357142857142856
432.0	3.5357142857142856
433.0	3.5357142857142856
434.0	3.5357142857142856
435.0	3.5357142857142856
436.0	3.5357142857142856
437.0	3.5357142857142856
438.0	3.5357142857142856
439.0	3.5357142857142856
440.0	3.5357142857142856
441.0	3.5357142857142856
442.0	3.5357142857142856
443.0	3.5357142857142856
444.0	3.5357142857142856
445.0	3.5357142857142856
446.0	3.5357142857142856
447.0	3.5357142857142856
448.0	3.5357142857142856
449.0	3.5357142857142856
450.0	3.5357142857142856
451.0	3.5357142857142856
452.0	3.5357142857142856
453.0	3.5357142857142856
454.0	3.5357142857142856
455.0	3.4827586206896552
456.0	3.4827586206896552
457.0	3.4827586206896552
458.0	3.4827586206896552
459.0	3.4827586206896552
460.0	3.4827586206896552
461.0	3.4827586206896552
462.0	3.4827586206896552
463.0	3.4827586206896552
464.0	3.4827586206896552
465.0	3.4827586206896552
466.0	3.4827586206896552
467.0	3.4827586206896552
468.0	3.4827586206896552
469.0	3.4827586206896552
470.0	3.4827586206896552
471.0	3.4827586206896552
472.0	3.4827586206896552
473.0	3.4827586206896552
474.0	3.4827586206896552
475.0	3.4827586206896552
476.0	3.4827586206896552
477.0	3.4827586206896552
478.0	3.4827586206896552
479.0	3.4827586206896552
480.0	3.4827586206896552
481.0	3.4827586206896552
482.0	3.4827586206896552
483.0	3.4827586206896552
484.0	3.4827586206896552
485.0	3.4827586206896552
486.0	3.4827586206896552
487.0	3.4827586206896552
488.0	3.4827586206896552
489.0	3.4827586206896552
490.0	3.4827586206896552
491.0	3.4827586206896552
492.0	3.4827586206896552
493.0	3.4827586206896552
494.0	3.5
495.0	3.5
496.0	3.5161290322580645
497.0	3.53125
498.0	3.53125
499.0	3.53125
500.0	3.53125
501.0	3.53125
502.0	3.53125
503.0	3.53125
504.0	3.53125
505.0	3.53125
506.0	3.53125
507.0	3.53125
508.0	3.53125
509.0	3.53125
510.0	3.53125
511.0	3.53125
512.0	3.53125
513.0	3.53125
514.0	3.53125
515.0	3.53125
516.0	3.53125
517.0	3.53125
518.0	3.53125
519.0	3.53125
520.0	3.53125
521.0	3.53125
522.0	3.53125
523.0	3.53125
524.0	3.53125
525.0	3.53125
526.0	3.53125
527.0	3.53125
528.0	3.53125
529.0	3.53125
530.0	3.53125
531.0	3.53125
532.0	3.53125
533.0	3.53125
534.0	3.53125
535.0	3.53125
536.0	3.53125
537.0	3.53125
538.0	3.53125
539.0	3.53125
540.0	3.5454545454545454
541.0	3.5454545454545454
542.0	3.5454545454545454
543.0	3.5454545454545454
544.0	3.5454545454545454
545.0	3.5454545454545454
546.0	3.5454545454545454
547.0	3.5454545454545454
548.0	3.5454545454545454
549.0	3.5454545454545454
550.0	3.5454545454545454
551.0	3.5454545454545454
552.0	3.5454545454545454
553.0	3.5454545454545454
554.0	3.5454545454545454
555.0	3.5454545454545454
556.0	3.5454545454545454
557.0	3.5454545454545454
558.0	3.5454545454545454
559.0	3.5454545454545454
560.0	3.5454545454545454
561.0	3.5454545454545454
562.0	3.5454545454545454
563.0	3.5454545454545454
564.0	3.5454545454545454
565.0	3.5454545454545454
566.0	3.5454545454545454
567.0	3.5454545454545454
568.0	3.5454545454545454
569.0	3.5454545454545454
570.0	3.5454545454545454
571.0	3.5454545454545454
572.0	3.5454545454545454
573.0	3.5454545454545454
574.0	3.5454545454545454
575.0	3.5454545454545454
576.0	3.5454545454545454
577.0	3.5454545454545454
578.0	3.5294117647058822
579.0	3.5294117647058822
580.0	3.5428571428571427
581.0	3.5428571428571427
582.0	3.5428571428571427
583.0	3.5428571428571427
584.0	3.5428571428571427
585.0	3.5428571428571427
586.0	3.5428571428571427
587.0	3.5428571428571427
588.0	3.5428571428571427
589.0	3.5428571428571427
590.0	3.5428571428571427
591.0	3.5428571428571427
592.0	3.5428571428571427
593.0	3.5428571428571427
594.0	3.5428571428571427
595.0	3.5428571428571427
596.0	3.5428571428571427
597.0	3.5428571428571427
598.0	3.5428571428571427
599.0	3.5428571428571427
600.0	3.5428571428571427
601.0	3.5428571428571427
602.0	3.5428571428571427
603.0	3.5428571428571427
604.0	3.5428571428571427
605.0	3.5428571428571427
606.0	3.5428571428571427
607.0	3.5428571428571427
608.0	3.5428571428571427
609.0	3.5428571428571427
610.0	3.5428571428571427
611.0	3.5428571428571427
612.0	3.5428571428571427
613.0	3.5428571428571427
614.0	3.5428571428571427
615.0	3.5428571428571427
616.0	3.5428571428571427
617.0	3.5428571428571427
618.0	3.5428571428571427
619.0	3.5428571428571427
620.0	3.5428571428571427
621.0	3.5428571428571427
622.0	3.5428571428571427
623.0	3.5428571428571427
624.0	3.5428571428571427
625.0	3.5428571428571427
626.0	3.5428571428571427
627.0	3.5428571428571427
628.0	3.5428571428571427
629.0	3.5428571428571427
630.0	3.5428571428571427
631.0	3.5428571428571427
632.0	3.5428571428571427
633.0	3.5428571428571427
634.0	3.5428571428571427
635.0	3.5428571428571427
636.0	3.5428571428571427
637.0	3.5428571428571427
638.0	3.5428571428571427
639.0	3.5428571428571427
640.0	3.5428571428571427
641.0	3.5277777777777777
642.0	3.5277777777777777
643.0	3.5277777777777777
644.0	3.5277777777777777
645.0	3.5277777777777777
646.0	3.5277777777777777
647.0	3.5277777777777777
648.0	3.5277777777777777
649.0	3.5277777777777777
650.0	3.5277777777777777
651.0	3.5277777777777777
652.0	3.5277777777777777
653.0	3.5277777777777777
654.0	3.5277777777777777
655.0	3.5277777777777777
656.0	3.5277777777777777
657.0	3.5277777777777777
658.0	3.5277777777777777
659.0	3.5277777777777777
660.0	3.5277777777777777
661.0	3.5277777777777777
662.0	3.5405405405405403
663.0	3.526315789473684
664.0	3.526315789473684
665.0	3.526315789473684
666.0	3.526315789473684
667.0	3.526315789473684
668.0	3.4871794871794872
669.0	3.4871794871794872
670.0	3.4871794871794872
671.0	3.4871794871794872
672.0	3.4871794871794872
673.0	3.4871794871794872
674.0	3.4871794871794872
675.0	3.4871794871794872
676.0	3.4871794871794872
677.0	3.4871794871794872
678.0	3.4871794871794872
679.0	3.4871794871794872
680.0	3.5
681.0	3.5
682.0	3.5
683.0	3.5
684.0	3.5
685.0	3.5
686.0	3.5
687.0	3.5
688.0	3.5
689.0	3.4634146341463414
690.0	3.4634146341463414
691.0	3.4634146341463414
692.0	3.4634146341463414
693.0	3.4634146341463414
694.0	3.4634146341463414
695.0	3.4634146341463414
696.0	3.4634146341463414
697.0	3.4634146341463414
698.0	3.4634146341463414
699.0	3.4634146341463414
700.0	3.4634146341463414
701.0	3.4634146341463414
702.0	3.4634146341463414
703.0	3.4634146341463414
704.0	3.4634146341463414
705.0	3.4634146341463414
706.0	3.4634146341463414
707.0	3.4634146341463414
708.0	3.4634146341463414
709.0	3.4634146341463414
710.0	3.4634146341463414
711.0	3.4634146341463414
712.0	3.4634146341463414
713.0	3.4634146341463414
714.0	3.4634146341463414
715.0	3.4634146341463414
716.0	3.4634146341463414
717.0	3.4634146341463414
718.0	3.4634146341463414
719.0	3.4634146341463414
720.0	3.4634146341463414
721.0	3.4634146341463414
722.0	3.4634146341463414
723.0	3.4634146341463414
724.0	3.4634146341463414
725.0	3.4634146341463414
726.0	3.4634146341463414
727.0	3.4634146341463414
728.0	3.4634146341463414
729.0	3.4634146341463414
730.0	3.4634146341463414
731.0	3.4634146341463414
732.0	3.4634146341463414
733.0	3.4634146341463414
734.0	3.4634146341463414
735.0	3.4634146341463414
736.0	3.4634146341463414
737.0	3.4634146341463414
738.0	3.4634146341463414
739.0	3.4634146341463414
740.0	3.4634146341463414
741.0	3.4634146341463414
742.0	3.4634146341463414
743.0	3.4634146341463414
744.0	3.4634146341463414
745.0	3.4634146341463414
746.0	3.4634146341463414
747.0	3.4634146341463414
748.0	3.4634146341463414
749.0	3.4634146341463414
750.0	3.4634146341463414
751.0	3.4634146341463414
752.0	3.4634146341463414
753.0	3.4634146341463414
754.0	3.4634146341463414
755.0	3.4634146341463414
756.0	3.4634146341463414
757.0	3.4634146341463414
758.0	3.4634146341463414
759.0	3.4634146341463414
760.0	3.4634146341463414
761.0	3.4634146341463414
762.0	3.4634146341463414
763.0	3.4634146341463414
764.0	3.4634146341463414
765.0	3.4634146341463414
766.0	3.4634146341463414
767.0	3.4634146341463414
768.0	3.4634146341463414
769.0	3.4634146341463414
770.0	3.4634146341463414
771.0	3.4634146341463414
772.0	3.4634146341463414
773.0	3.4523809523809526
774.0	3.4523809523809526
775.0	3.4523809523809526
776.0	3.4651162790697674
777.0	3.4651162790697674
778.0	3.4651162790697674
779.0	3.4651162790697674
780.0	3.4651162790697674
781.0	3.4651162790697674
782.0	3.4651162790697674
783.0	3.4651162790697674
784.0	3.4651162790697674
785.0	3.4651162790697674
786.0	3.4651162790697674
787.0	3.4651162790697674
788.0	3.4651162790697674
789.0	3.4651162790697674
790.0	3.4651162790697674
791.0	3.4651162790697674
792.0	3.4651162790697674
793.0	3.4651162790697674
794.0	3.4651162790697674
795.0	3.4651162790697674
796.0	3.4651162790697674
797.0	3.4651162790697674
798.0	3.4651162790697674
799.0	3.4651162790697674
800.0	3.4651162790697674
801.0	3.4651162790697674
802.0	3.4651162790697674
803.0	3.4651162790697674
804.0	3.4651162790697674
805.0	3.4651162790697674
806.0	3.4651162790697674
807.0	3.4651162790697674
808.0	3.477272727272727
809.0	3.477272727272727
810.0	3.488888888888889
811.0	3.488888888888889
812.0	3.488888888888889
813.0	3.488888888888889
814.0	3.488888888888889
815.0	3.488888888888889
816.0	3.488888888888889
817.0	3.488888888888889
818.0	3.488888888888889
819.0	3.488888888888889
820.0	3.488888888888889
821.0	3.488888888888889
822.0	3.5
823.0	3.5
824.0	3.5
825.0	3.5
826.0	3.5
827.0	3.5
828.0	3.5
829.0	3.5
830.0	3.5
831.0	3.5
832.0	3.5
833.0	3.5
834.0	3.5
835.0	3.5
836.0	3.5
837.0	3.5
838.0	3.5
839.0	3.5
840.0	3.4893617021276597
841.0	3.4791666666666665
842.0	3.4791666666666665
843.0	3.4791666666666665
844.0	3.4693877551020407
845.0	3.4693877551020407
846.0	3.42
847.0	3.42
848.0	3.42
849.0	3.42
850.0	3.42
851.0	3.42
852.0	3.42
853.0	3.42
854.0	3.42
855.0	3.42
856.0	3.42
857.0	3.42
858.0	3.42
859.0	3.42
860.0	3.42
861.0	3.42
862.0	3.42
863.0	3.42
864.0	3.42
865.0	3.42
866.0	3.4313725490196076
867.0	3.4313725490196076
868.0	3.4423076923076925
869.0	3.4423076923076925
870.0	3.452830188679245
871.0	3.452830188679245
872.0	3.452830188679245
873.0	3.452830188679245
874.0	3.452830188679245
875.0	3.452830188679245
876.0	3.452830188679245
877.0	3.452830188679245
878.0	3.452830188679245
879.0	3.452830188679245
880.0	3.452830188679245
881.0	3.462962962962963
882.0	3.462962962962963
883.0	3.462962962962963
884.0	3.462962962962963
885.0	3.462962962962963
886.0	3.462962962962963
887.0	3.462962962962963
888.0	3.462962962962963
889.0	3.462962962962963
890.0	3.462962962962963
891.0	3.462962962962963
892.0	3.462962962962963
893.0	3.462962962962963
894.0	3.462962962962963
895.0	3.462962962962963
896.0	3.462962962962963
897.0	3.462962962962963
898.0	3.462962962962963
899.0	3.4545454545454546
900.0	3.4545454545454546
901.0	3.4545454545454546
902.0	3.4545454545454546
903.0	3.4545454545454546
904.0	3.4545454545454546
905.0	3.4545454545454546
906.0	3.4545454545454546
907.0	3.4545454545454546
908.0	3.4545454545454546
909.0	3.4545454545454546
910.0	3.4545454545454546
911.0	3.4545454545454546
912.0	3.4545454545454546
913.0	3.4545454545454546
914.0	3.4545454545454546
915.0	3.4545454545454546
916.0	3.4545454545454546
917.0	3.4545454545454546
918.0	3.4545454545454546
919.0	3.4545454545454546
920.0	3.4545454545454546
921.0	3.4545454545454546
922.0	3.4545454545454546
923.0	3.4545454545454546
924.0	3.4545454545454546
925.0	3.4545454545454546
926.0	3.4642857142857144
927.0	3.4642857142857144
928.0	3.473684210526316
929.0	3.473684210526316
930.0	3.473684210526316
931.0	3.473684210526316
932.0	3.473684210526316
933.0	3.473684210526316
934.0	3.473684210526316
935.0	3.473684210526316
936.0	3.473684210526316
937.0	3.473684210526316
938.0	3.473684210526316
939.0	3.473684210526316
940.0	3.473684210526316
941.0	3.473684210526316
942.0	3.473684210526316
943.0	3.473684210526316
944.0	3.473684210526316
945.0	3.473684210526316
946.0	3.473684210526316
947.0	3.473684210526316
948.0	3.473684210526316
949.0	3.473684210526316
950.0	3.473684210526316
951.0	3.473684210526316
952.0	3.473684210526316
953.0	3.4827586206896552
954.0	3.4827586206896552
955.0	3.4827586206896552
956.0	3.4827586206896552
957.0	3.4827586206896552
958.0	3.4827586206896552
959.0	3.4827586206896552
960.0	3.4827586206896552
961.0	3.4827586206896552
962.0	3.4827586206896552
963.0	3.4827586206896552
964.0	3.4827586206896552
965.0	3.4827586206896552
966.0	3.4827586206896552
967.0	3.4915254237288136
968.0	3.4915254237288136
969.0	3.4915254237288136
970.0	3.4915254237288136
971.0	3.4915254237288136
972.0	3.4915254237288136
973.0	3.4915254237288136
974.0	3.4915254237288136
975.0	3.4915254237288136
976.0	3.4915254237288136
977.0	3.4915254237288136
978.0	3.4915254237288136
979.0	3.4915254237288136
980.0	3.4915254237288136
981.0	3.4915254237288136
982.0	3.4915254237288136
983.0	3.4915254237288136
984.0	3.4915254237288136
985.0	3.4915254237288136
986.0	3.4915254237288136
987.0	3.4915254237288136
988.0	3.4915254237288136
989.0	3.4915254237288136
990.0	3.4915254237288136
991.0	3.4915254237288136
992.0	3.4915254237288136
993.0	3.4915254237288136
994.0	3.4915254237288136
995.0	3.4915254237288136
996.0	3.4915254237288136
997.0	3.4915254237288136
998.0	3.4915254237288136
999.0	3.4915254237288136
1000.0	3.4915254237288136
1001.0	3.4915254237288136
1002.0	3.4915254237288136
1003.0	3.4915254237288136
1004.0	3.4915254237288136
1005.0	3.4915254237288136
1006.0	3.4915254237288136
1007.0	3.4915254237288136
1008.0	3.4915254237288136
1009.0	3.4915254237288136
1010.0	3.4915254237288136
1011.0	3.4915254237288136
1012.0	3.4915254237288136
1013.0	3.4915254237288136
1014.0	3.4915254237288136
1015.0	3.4915254237288136
1016.0	3.4915254237288136
1017.0	3.4915254237288136
1018.0	3.4915254237288136
1019.0	3.4915254237288136
1020.0	3.4915254237288136
1021.0	3.4915254237288136
1022.0	3.4915254237288136
1023.0	3.4915254237288136
1024.0	3.4915254237288136
1025.0	3.4915254237288136
1026.0	3.4915254237288136
1027.0	3.4915254237288136
1028.0	3.4915254237288136
1029.0	3.4915254237288136
1030.0	3.4915254237288136
1031.0	3.4915254237288136
1032.0	3.4915254237288136
1033.0	3.4915254237288136
1034.0	3.4915254237288136
1035.0	3.4915254237288136
1036.0	3.4915254237288136
1037.0	3.4915254237288136
1038.0	3.4915254237288136
1039.0	3.4915254237288136
1040.0	3.4915254237288136
1041.0	3.4915254237288136
1042.0	3.4915254237288136
1043.0	3.4915254237288136
1044.0	3.4915254237288136
1045.0	3.4915254237288136
1046.0	3.4915254237288136
1047.0	3.4915254237288136
1048.0	3.4915254237288136
1049.0	3.4833333333333334
1050.0	3.4833333333333334
1051.0	3.4833333333333334
1052.0	3.4833333333333334
1053.0	3.4833333333333334
1054.0	3.4833333333333334
1055.0	3.4833333333333334
1056.0	3.4833333333333334
1057.0	3.4833333333333334
1058.0	3.4833333333333334
1059.0	3.4833333333333334
1060.0	3.4833333333333334
1061.0	3.4833333333333334
1062.0	3.4833333333333334
1063.0	3.4833333333333334
1064.0	3.4833333333333334
1065.0	3.4833333333333334
1066.0	3.4833333333333334
1067.0	3.4833333333333334
1068.0	3.4833333333333334
1069.0	3.4833333333333334
1070.0	3.4754098360655736
1071.0	3.4754098360655736
1072.0	3.4754098360655736
1073.0	3.4754098360655736
1074.0	3.4754098360655736
1075.0	3.4754098360655736
1076.0	3.4754098360655736
1077.0	3.4754098360655736
1078.0	3.4754098360655736
1079.0	3.4754098360655736
1080.0	3.4754098360655736
1081.0	3.4754098360655736
1082.0	3.4754098360655736
1083.0	3.4754098360655736
1084.0	3.4754098360655736
1085.0	3.4754098360655736
1086.0	3.4754098360655736
1087.0	3.4754098360655736
1088.0	3.4754098360655736
1089.0	3.4754098360655736
1090.0	3.4754098360655736
1091.0	3.4754098360655736
1092.0	3.4754098360655736
1093.0	3.4754098360655736
1094.0	3.467741935483871
1095.0	3.467741935483871
1096.0	3.467741935483871
1097.0	3.467741935483871
1098.0	3.467741935483871
1099.0	3.467741935483871
1100.0	3.467741935483871
1101.0	3.467741935483871
1102.0	3.467741935483871
1103.0	3.467741935483871
1104.0	3.4761904761904763
1105.0	3.4761904761904763
1106.0	3.4761904761904763
1107.0	3.4761904761904763
1108.0	3.4761904761904763
1109.0	3.4761904761904763
1110.0	3.4761904761904763
1111.0	3.4761904761904763
1112.0	3.4761904761904763
1113.0	3.4761904761904763
1114.0	3.4761904761904763
1115.0	3.4761904761904763
1116.0	3.4761904761904763
1117.0	3.4761904761904763
1118.0	3.4761904761904763
1119.0	3.4761904761904763
1120.0	3.4761904761904763
1121.0	3.4761904761904763
1122.0	3.4761904761904763
1123.0	3.4761904761904763
1124.0	3.4761904761904763
1125.0	3.4761904761904763
1126.0	3.4761904761904763
1127.0	3.4761904761904763
1128.0	3.4761904761904763
1129.0	3.4761904761904763
1130.0	3.4761904761904763
1131.0	3.4761904761904763
1132.0	3.4761904761904763
1133.0	3.4761904761904763
1134.0	3.4761904761904763
1135.0	3.4761904761904763
1136.0	3.4761904761904763
1137.0	3.4761904761904763
1138.0	3.4761904761904763
1139.0	3.46875
1140.0	3.46875
1141.0	3.46875
1142.0	3.46875
1143.0	3.46875
1144.0	3.46875
1145.0	3.46875
1146.0	3.46875
1147.0	3.46875
1148.0	3.46875
1149.0	3.46875
1150.0	3.46875
1151.0	3.46875
1152.0	3.46875
1153.0	3.46875
1154.0	3.46875
1155.0	3.46875
1156.0	3.46875
1157.0	3.46875
1158.0	3.476923076923077
1159.0	3.476923076923077
1160.0	3.4696969696969697
1161.0	3.4696969696969697
1162.0	3.4696969696969697
1163.0	3.4696969696969697
1164.0	3.4696969696969697
1165.0	3.4696969696969697
1166.0	3.4696969696969697
1167.0	3.4696969696969697
1168.0	3.4696969696969697
1169.0	3.4696969696969697
1170.0	3.4696969696969697
1171.0	3.4696969696969697
1172.0	3.4696969696969697
1173.0	3.4696969696969697
1174.0	3.4696969696969697
1175.0	3.4696969696969697
1176.0	3.4696969696969697
1177.0	3.4696969696969697
1178.0	3.4696969696969697
1179.0	3.4696969696969697
1180.0	3.4696969696969697
1181.0	3.4696969696969697
1182.0	3.4696969696969697
1183.0	3.4696969696969697
1184.0	3.4696969696969697
1185.0	3.4696969696969697
1186.0	3.4696969696969697
1187.0	3.4696969696969697
1188.0	3.4696969696969697
1189.0	3.4696969696969697
1190.0	3.4696969696969697
1191.0	3.4696969696969697
1192.0	3.4696969696969697
1193.0	3.4696969696969697
1194.0	3.4696969696969697
1195.0	3.4696969696969697
1196.0	3.4696969696969697
1197.0	3.4696969696969697
1198.0	3.4696969696969697
1199.0	3.4696969696969697
1200.0	3.4776119402985075
1201.0	3.4776119402985075
1202.0	3.4776119402985075
1203.0	3.4776119402985075
1204.0	3.4776119402985075
1205.0	3.4776119402985075
1206.0	3.4776119402985075
1207.0	3.4776119402985075
1208.0	3.4776119402985075
1209.0	3.4776119402985075
1210.0	3.4776119402985075
1211.0	3.4776119402985075
1212.0	3.4776119402985075
1213.0	3.4776119402985075
1214.0	3.4776119402985075
1215.0	3.4776119402985075
1216.0	3.4776119402985075
1217.0	3.4776119402985075
1218.0	3.4776119402985075
1219.0	3.4776119402985075
1220.0	3.4776119402985075
1221.0	3.4776119402985075
1222.0	3.4776119402985075
1223.0	3.4776119402985075
1224.0	3.4776119402985075
1225.0	3.4776119402985075
1226.0	3.4776119402985075
1227.0	3.4776119402985075
1228.0	3.4776119402985075
1229.0	3.4776119402985075
1230.0	3.4776119402985075
1231.0	3.4776119402985075
1232.0	3.4776119402985075
1233.0	3.4776119402985075
1234.0	3.4776119402985075
1235.0	3.4776119402985075
1236.0	3.4776119402985075
1237.0	3.4776119402985075
1238.0	3.4776119402985075
1239.0	3.4776119402985075
1240.0	3.4776119402985075
1241.0	3.4776119402985075
1242.0	3.4705882352941178
1243.0	3.4705882352941178
1244.0	3.449275362318841
1245.0	3.449275362318841
1246.0	3.449275362318841
1247.0	3.449275362318841
1248.0	3.449275362318841
1249.0	3.449275362318841
1250.0	3.449275362318841
1251.0	3.449275362318841
1252.0	3.449275362318841
1253.0	3.449275362318841
1254.0	3.449275362318841
1255.0	3.449275362318841
1256.0	3.449275362318841
1257.0	3.449275362318841
1258.0	3.449275362318841
1259.0	3.449275362318841
1260.0	3.449275362318841
1261.0	3.449275362318841
1262.0	3.449275362318841
1263.0	3.449275362318841
1264.0	3.449275362318841
1265.0	3.449275362318841
1266.0	3.449275362318841
1267.0	3.449275362318841
1268.0	3.449275362318841
1269.0	3.449275362318841
1270.0	3.449275362318841
1271.0	3.449275362318841
1272.0	3.449275362318841
1273.0	3.449275362318841
1274.0	3.449275362318841
1275.0	3.449275362318841
1276.0	3.449275362318841
1277.0	3.449275362318841
1278.0	3.449275362318841
1279.0	3.4285714285714284
1280.0	3.4285714285714284
1281.0	3.4285714285714284
1282.0	3.4285714285714284
1283.0	3.4285714285714284
1284.0	3.4285714285714284
1285.0	3.4285714285714284
1286.0	3.4285714285714284
1287.0	3.4285714285714284
1288.0	3.4225352112676055
1289.0	3.4225352112676055
1290.0	3.4225352112676055
1291.0	3.4225352112676055
1292.0	3.4225352112676055
1293.0	3.4225352112676055
1294.0	3.4225352112676055
1295.0	3.4225352112676055
1296.0	3.4225352112676055
1297.0	3.4225352112676055
1298.0	3.4225352112676055
1299.0	3.4225352112676055
1300.0	3.4225352112676055
1301.0	3.4225352112676055
1302.0	3.4225352112676055
1303.0	3.4225352112676055
1304.0	3.4225352112676055
1305.0	3.4225352112676055
1306.0	3.4225352112676055
1307.0	3.4225352112676055
1308.0	3.4225352112676055
1309.0	3.4225352112676055
1310.0	3.4225352112676055
1311.0	3.4225352112676055
1312.0	3.4225352112676055
1313.0	3.4225352112676055
1314.0	3.4225352112676055
1315.0	3.4225352112676055
1316.0	3.4225352112676055
1317.0	3.4027777777777777
1318.0	3.4027777777777777
1319.0	3.4027777777777777
1320.0	3.410958904109589
1321.0	3.410958904109589
1322.0	3.410958904109589
1323.0	3.410958904109589
1324.0	3.410958904109589
1325.0	3.4054054054054053
1326.0	3.4054054054054053
1327.0	3.4
1328.0	3.4
1329.0	3.4
1330.0	3.4
1331.0	3.4
1332.0	3.4
1333.0	3.4
1334.0	3.4
1335.0	3.4
1336.0	3.4
1337.0	3.4
1338.0	3.3815789473684212
1339.0	3.3815789473684212
1340.0	3.3815789473684212
1341.0	3.3815789473684212
1342.0	3.3815789473684212
1343.0	3.3815789473684212
1344.0	3.3815789473684212
1345.0	3.3896103896103895
1346.0	3.3896103896103895
1347.0	3.3896103896103895
1348.0	3.3896103896103895
1349.0	3.3896103896103895
1350.0	3.3896103896103895
1351.0	3.3896103896103895
1352.0	3.3896103896103895
1353.0	3.3896103896103895
1354.0	3.3896103896103895
1355.0	3.3896103896103895
1356.0	3.3896103896103895
1357.0	3.3896103896103895
1358.0	3.3896103896103895
1359.0	3.3846153846153846
1360.0	3.3846153846153846
1361.0	3.3846153846153846
1362.0	3.3846153846153846
1363.0	3.3846153846153846
1364.0	3.3846153846153846
1365.0	3.3846153846153846
1366.0	3.3846153846153846
1367.0	3.3846153846153846
1368.0	3.3846153846153846
1369.0	3.3846153846153846
1370.0	3.3846153846153846
1371.0	3.3846153846153846
1372.0	3.3846153846153846
1373.0	3.3846153846153846
1374.0	3.3846153846153846
1375.0	3.3846153846153846
1376.0	3.3846153846153846
1377.0	3.3846153846153846
1378.0	3.3846153846153846
1379.0	3.3846153846153846
1380.0	3.392405063291139
1381.0	3.392405063291139
1382.0	3.392405063291139
1383.0	3.392405063291139
1384.0	3.392405063291139
1385.0	3.392405063291139
1386.0	3.392405063291139
1387.0	3.392405063291139
1388.0	3.392405063291139
1389.0	3.392405063291139
1390.0	3.392405063291139
1391.0	3.392405063291139
1392.0	3.392405063291139
1393.0	3.392405063291139
1394.0	3.392405063291139
1395.0	3.392405063291139
1396.0	3.392405063291139
1397.0	3.392405063291139
1398.0	3.392405063291139
1399.0	3.392405063291139
1400.0	3.392405063291139
1401.0	3.392405063291139
1402.0	3.3875
1403.0	3.3875
1404.0	3.3875
1405.0	3.3875
1406.0	3.3875
1407.0	3.3875
1408.0	3.3875
1409.0	3.3875
1410.0	3.3875
1411.0	3.3875
1412.0	3.3875
1413.0	3.3875
1414.0	3.3875
1415.0	3.3875
1416.0	3.382716049382716
1417.0	3.382716049382716
1418.0	3.382716049382716
1419.0	3.382716049382716
1420.0	3.382716049382716
1421.0	3.382716049382716
1422.0	3.382716049382716
1423.0	3.382716049382716
1424.0	3.382716049382716
1425.0	3.382716049382716
1426.0	3.382716049382716
1427.0	3.382716049382716
1428.0	3.382716049382716
1429.0	3.382716049382716
1430.0	3.382716049382716
1431.0	3.382716049382716
1432.0	3.382716049382716
1433.0	3.382716049382716
1434.0	3.382716049382716
1435.0	3.382716049382716
1436.0	3.382716049382716
1437.0	3.382716049382716
1438.0	3.382716049382716
1439.0	3.382716049382716
1440.0	3.382716049382716
1441.0	3.382716049382716
1442.0	3.382716049382716
1443.0	3.382716049382716
1444.0	3.382716049382716
1445.0	3.3658536585365852
1446.0	3.3658536585365852
1447.0	3.3658536585365852
1448.0	3.3658536585365852
1449.0	3.3658536585365852
1450.0	3.3658536585365852
1451.0	3.3658536585365852
1452.0	3.3658536585365852
1453.0	3.3658536585365852
1454.0	3.3658536585365852
1455.0	3.3658536585365852
1456.0	3.3493975903614457
1457.0	3.3493975903614457
1458.0	3.357142857142857
1459.0	3.357142857142857
1460.0	3.357142857142857
1461.0	3.357142857142857
1462.0	3.357142857142857
1463.0	3.357142857142857
1464.0	3.357142857142857
1465.0	3.357142857142857
1466.0	3.357142857142857
1467.0	3.357142857142857
1468.0	3.357142857142857
1469.0	3.364705882352941
1470.0	3.364705882352941
1471.0	3.364705882352941
1472.0	3.364705882352941
1473.0	3.364705882352941
1474.0	3.364705882352941
1475.0	3.364705882352941
1476.0	3.364705882352941
1477.0	3.372093023255814
1478.0	3.372093023255814
1479.0	3.372093023255814
1480.0	3.372093023255814
1481.0	3.372093023255814
1482.0	3.372093023255814
1483.0	3.372093023255814
1484.0	3.372093023255814
1485.0	3.372093023255814
1486.0	3.372093023255814
1487.0	3.372093023255814
1488.0	3.372093023255814
1489.0	3.372093023255814
1490.0	3.372093023255814
1491.0	3.372093023255814
1492.0	3.372093023255814
1493.0	3.372093023255814
1494.0	3.372093023255814
1495.0	3.372093023255814
1496.0	3.372093023255814
1497.0	3.3793103448275863
1498.0	3.3793103448275863
1499.0	3.3793103448275863
1500.0	3.3793103448275863
1501.0	3.3793103448275863
1502.0	3.3793103448275863
1503.0	3.3863636363636362
1504.0	3.3863636363636362
1505.0	3.3863636363636362
1506.0	3.3863636363636362
1507.0	3.3863636363636362
1508.0	3.3863636363636362
1509.0	3.3863636363636362
1510.0	3.3863636363636362
1511.0	3.3863636363636362
1512.0	3.3863636363636362
1513.0	3.3863636363636362
1514.0	3.3863636363636362
1515.0	3.3863636363636362
1516.0	3.3863636363636362
1517.0	3.3863636363636362
1518.0	3.3863636363636362
1519.0	3.3863636363636362
1520.0	3.3863636363636362
1521.0	3.3863636363636362
1522.0	3.3863636363636362
1523.0	3.3863636363636362
1524.0	3.3863636363636362
1525.0	3.3863636363636362
1526.0	3.3863636363636362
1527.0	3.3863636363636362
1528.0	3.3863636363636362
1529.0	3.3863636363636362
1530.0	3.3863636363636362
1531.0	3.3863636363636362
1532.0	3.3863636363636362
1533.0	3.3863636363636362
1534.0	3.3863636363636362
1535.0	3.393258426966292
1536.0	3.388888888888889
1537.0	3.388888888888889
1538.0	3.388888888888889
1539.0	3.388888888888889
1540.0	3.388888888888889
1541.0	3.388888888888889
1542.0	3.388888888888889
1543.0	3.388888888888889
1544.0	3.388888888888889
1545.0	3.388888888888889
1546.0	3.388888888888889
1547.0	3.388888888888889
1548.0	3.388888888888889
1549.0	3.388888888888889
1550.0	3.388888888888889
1551.0	3.388888888888889
1552.0	3.388888888888889
1553.0	3.388888888888889
1554.0	3.388888888888889
1555.0	3.3846153846153846
1556.0	3.3846153846153846
1557.0	3.3846153846153846
1558.0	3.3846153846153846
1559.0	3.391304347826087
1560.0	3.391304347826087
1561.0	3.3978494623655915
1562.0	3.404255319148936
1563.0	3.404255319148936
1564.0	3.404255319148936
1565.0	3.404255319148936
1566.0	3.404255319148936
1567.0	3.404255319148936
1568.0	3.404255319148936
1569.0	3.404255319148936
1570.0	3.404255319148936
1571.0	3.404255319148936
1572.0	3.404255319148936
1573.0	3.404255319148936
1574.0	3.404255319148936
1575.0	3.404255319148936
1576.0	3.404255319148936
1577.0	3.404255319148936
1578.0	3.404255319148936
1579.0	3.4105263157894736
1580.0	3.4105263157894736
1581.0	3.4105263157894736
1582.0	3.4105263157894736
1583.0	3.4105263157894736
1584.0	3.4105263157894736
1585.0	3.4105263157894736
1586.0	3.40625
1587.0	3.40625
1588.0	3.40625
1589.0	3.40625
1590.0	3.40625
1591.0	3.40625
1592.0	3.40625
1593.0	3.40625
1594.0	3.40625
1595.0	3.40625
1596.0	3.40625
1597.0	3.40625
1598.0	3.40625
1599.0	3.40625
1600.0	3.40625
1601.0	3.40625
1602.0	3.40625
1603.0	3.40625
1604.0	3.40625
1605.0	3.40625
1606.0	3.40625
1607.0	3.40625
1608.0	3.40625
1609.0	3.40625
1610.0	3.40625
1611.0	3.40625
1612.0	3.40625
1613.0	3.40625
1614.0	3.40625
1615.0	3.40625
1616.0	3.40625
1617.0	3.40625
1618.0	3.40625
1619.0	3.40625
1620.0	3.40625
1621.0	3.40625
1622.0	3.40625
1623.0	3.40625
1624.0	3.40625
1625.0	3.40625
1626.0	3.40625
1627.0	3.40625
1628.0	3.40625
1629.0	3.40625
1630.0	3.40625
1631.0	3.40625
1632.0	3.40625
1633.0	3.40625
1634.0	3.40625
1635.0	3.40625
1636.0	3.40625
1637.0	3.40625
1638.0	3.40625
1639.0	3.40625
1640.0	3.402061855670103
1641.0	3.402061855670103
1642.0	3.402061855670103
1643.0	3.402061855670103
1644.0	3.402061855670103
1645.0	3.402061855670103
1646.0	3.402061855670103
1647.0	3.402061855670103
1648.0	3.402061855670103
1649.0	3.402061855670103
1650.0	3.402061855670103
1651.0	3.402061855670103
1652.0	3.402061855670103
1653.0	3.402061855670103
1654.0	3.4081632653061225
1655.0	3.4081632653061225
1656.0	3.4081632653061225
1657.0	3.4081632653061225
1658.0	3.4081632653061225
1659.0	3.4081632653061225
1660.0	3.4081632653061225
1661.0	3.4081632653061225
1662.0	3.4081632653061225
1663.0	3.4081632653061225
1664.0	3.4081632653061225
1665.0	3.4081632653061225
1666.0	3.4081632653061225
1667.0	3.4081632653061225
1668.0	3.4081632653061225
1669.0	3.4081632653061225
1670.0	3.4081632653061225
1671.0	3.4081632653061225
1672.0	3.4081632653061225
1673.0	3.4081632653061225
1674.0	3.404040404040404
1675.0	3.39
1676.0	3.39
1677.0	3.39
1678.0	3.39
1679.0	3.39
1680.0	3.39
1681.0	3.39
1682.0	3.39
1683.0	3.39
1684.0	3.39
1685.0	3.39
1686.0	3.39
1687.0	3.39
1688.0	3.39
1689.0	3.39
1690.0	3.39
1691.0	3.39
1692.0	3.39
1693.0	3.396039603960396
1694.0	3.396039603960396
1695.0	3.396039603960396
1696.0	3.396039603960396
1697.0	3.396039603960396
1698.0	3.396039603960396
1699.0	3.396039603960396
1700.0	3.396039603960396
1701.0	3.396039603960396
1702.0	3.396039603960396
1703.0	3.392156862745098
1704.0	3.392156862745098
1705.0	3.392156862745098
1706.0	3.3980582524271843
1707.0	3.3980582524271843
1708.0	3.394230769230769
1709.0	3.394230769230769
1710.0	3.394230769230769
1711.0	3.394230769230769
1712.0	3.394230769230769
1713.0	3.394230769230769
1714.0	3.394230769230769
1715.0	3.394230769230769
1716.0	3.394230769230769
1717.0	3.394230769230769
1718.0	3.394230769230769
1719.0	3.394230769230769
1720.0	3.394230769230769
1721.0	3.394230769230769
1722.0	3.394230769230769
1723.0	3.394230769230769
1724.0	3.394230769230769
1725.0	3.394230769230769
1726.0	3.394230769230769
1727.0	3.394230769230769
1728.0	3.394230769230769
1729.0	3.394230769230769
1730.0	3.3904761904761904
1731.0	3.3904761904761904
1732.0	3.3904761904761904
1733.0	3.3904761904761904
1734.0	3.3904761904761904
1735.0	3.3962264150943398
1736.0	3.4018691588785046
1737.0	3.4018691588785046
1738.0	3.4018691588785046
1739.0	3.4018691588785046
1740.0	3.4018691588785046
1741.0	3.4018691588785046
1742.0	3.4018691588785046
1743.0	3.4018691588785046
1744.0	3.4018691588785046
1745.0	3.4018691588785046
1746.0	3.4018691588785046
1747.0	3.4018691588785046
1748.0	3.4018691588785046
1749.0	3.4018691588785046
1750.0	3.4018691588785046
1751.0	3.4018691588785046
1752.0	3.4018691588785046
1753.0	3.4018691588785046
1754.0	3.4018691588785046
1755.0	3.4018691588785046
1756.0	3.4018691588785046
1757.0	3.4074074074074074
1758.0	3.4074074074074074
1759.0	3.4074074074074074
1760.0	3.4074074074074074
1761.0	3.4074074074074074
1762.0	3.4074074074074074
1763.0	3.4074074074074074
1764.0	3.4074074074074074
1765.0	3.4074074074074074
1766.0	3.4074074074074074
1767.0	3.4074074074074074
1768.0	3.4074074074074074
1769.0	3.4074074074074074
1770.0	3.4074074074074074
1771.0	3.4074074074074074
1772.0	3.4074074074074074
1773.0	3.4074074074074074
1774.0	3.4074074074074074
1775.0	3.4128440366972477
1776.0	3.4128440366972477
1777.0	3.4128440366972477
1778.0	3.4128440366972477
1779.0	3.4128440366972477
1780.0	3.4128440366972477
1781.0	3.4128440366972477
1782.0	3.4128440366972477
1783.0	3.4128440366972477
1784.0	3.4128440366972477
1785.0	3.4128440366972477
1786.0	3.4128440366972477
1787.0	3.4128440366972477
1788.0	3.4128440366972477
1789.0	3.4128440366972477
1790.0	3.4128440366972477
1791.0	3.4128440366972477
1792.0	3.4128440366972477
1793.0	3.4128440366972477
1794.0	3.4128440366972477
1795.0	3.4128440366972477
1796.0	3.4128440366972477
1797.0	3.4128440366972477
1798.0	3.4128440366972477
1799.0	3.4128440366972477
1800.0	3.4128440366972477
1801.0	3.4128440366972477
1802.0	3.4128440366972477
1803.0	3.4128440366972477
1804.0	3.4128440366972477
1805.0	3.4128440366972477
1806.0	3.4128440366972477
1807.0	3.4128440366972477
1808.0	3.4128440366972477
1809.0	3.4128440366972477
1810.0	3.4128440366972477
1811.0	3.4128440366972477
1812.0	3.4128440366972477
1813.0	3.4128440366972477
1814.0	3.4128440366972477
1815.0	3.4128440366972477
1816.0	3.4128440366972477
1817.0	3.4128440366972477
1818.0	3.4128440366972477
1819.0	3.4128440366972477
1820.0	3.4128440366972477
1821.0	3.4128440366972477
1822.0	3.4128440366972477
1823.0	3.4128440366972477
1824.0	3.4128440366972477
1825.0	3.4128440366972477
1826.0	3.4128440366972477
1827.0	3.4128440366972477
1828.0	3.4128440366972477
1829.0	3.4128440366972477
1830.0	3.4128440366972477
1831.0	3.4128440366972477
1832.0	3.4128440366972477
1833.0	3.4128440366972477
1834.0	3.4128440366972477
1835.0	3.418181818181818
1836.0	3.418181818181818
1837.0	3.418181818181818
1838.0	3.418181818181818
1839.0	3.418181818181818
1840.0	3.418181818181818
1841.0	3.418181818181818
1842.0	3.418181818181818
1843.0	3.418181818181818
1844.0	3.418181818181818
1845.0	3.418181818181818
1846.0	3.418181818181818
1847.0	3.418181818181818
1848.0	3.418181818181818
1849.0	3.418181818181818
1850.0	3.418181818181818
1851.0	3.418181818181818
1852.0	3.418181818181818
1853.0	3.418181818181818
1854.0	3.418181818181818
1855.0	3.418181818181818
1856.0	3.4144144144144146
1857.0	3.4144144144144146
1858.0	3.4144144144144146
1859.0	3.4144144144144146
1860.0	3.4144144144144146
1861.0	3.4144144144144146
1862.0	3.4144144144144146
1863.0	3.4144144144144146
1864.0	3.4144144144144146
1865.0	3.4144144144144146
1866.0	3.4144144144144146
1867.0	3.4144144144144146
1868.0	3.4144144144144146
1869.0	3.4144144144144146
1870.0	3.4144144144144146
1871.0	3.419642857142857
1872.0	3.419642857142857
1873.0	3.419642857142857
1874.0	3.419642857142857
1875.0	3.419642857142857
1876.0	3.419642857142857
1877.0	3.419642857142857
1878.0	3.419642857142857
1879.0	3.419642857142857
1880.0	3.419642857142857
1881.0	3.419642857142857
1882.0	3.419642857142857
1883.0	3.419642857142857
1884.0	3.419642857142857
1885.0	3.419642857142857
1886.0	3.419642857142857
1887.0	3.419642857142857
1888.0	3.419642857142857
1889.0	3.419642857142857
1890.0	3.419642857142857
1891.0	3.419642857142857
1892.0	3.419642857142857
1893.0	3.419642857142857
1894.0	3.419642857142857
1895.0	3.424778761061947
1896.0	3.424778761061947
1897.0	3.424778761061947
1898.0	3.424778761061947
1899.0	3.424778761061947
1900.0	3.424778761061947
1901.0	3.424778761061947
1902.0	3.424778761061947
1903.0	3.424778761061947
1904.0	3.424778761061947
1905.0	3.412280701754386
1906.0	3.412280701754386
1907.0	3.412280701754386
1908.0	3.417391304347826
1909.0	3.417391304347826
1910.0	3.417391304347826
1911.0	3.417391304347826
1912.0	3.417391304347826
1913.0	3.417391304347826
1914.0	3.417391304347826
1915.0	3.417391304347826
1916.0	3.417391304347826
1917.0	3.417391304347826
1918.0	3.417391304347826
1919.0	3.417391304347826
1920.0	3.417391304347826
1921.0	3.417391304347826
1922.0	3.417391304347826
1923.0	3.417391304347826
1924.0	3.417391304347826
1925.0	3.417391304347826
1926.0	3.417391304347826
