0.0	5.0
1.0	5.0
2.0	5.0
3.0	5.0
4.0	5.0
5.0	5.0
6.0	5.0
7.0	5.0
8.0	5.0
9.0	5.0
10.0	5.0
11.0	5.0
12.0	5.0
13.0	5.0
14.0	5.0
15.0	5.0
16.0	5.0
17.0	5.0
18.0	5.0
19.0	5.0
20.0	5.0
21.0	5.0
22.0	5.0
23.0	5.0
24.0	5.0
25.0	5.0
26.0	5.0
27.0	5.0
28.0	5.0
29.0	5.0
30.0	5.0
31.0	5.0
32.0	5.0
33.0	5.0
34.0	5.0
35.0	5.0
36.0	5.0
37.0	5.0
38.0	5.0
39.0	5.0
40.0	5.0
41.0	5.0
42.0	5.0
43.0	5.0
44.0	5.0
45.0	5.0
46.0	5.0
47.0	5.0
48.0	5.0
49.0	5.0
50.0	5.0
51.0	5.0
52.0	5.0
53.0	5.0
54.0	5.0
55.0	4.857142857142857
56.0	4.857142857142857
57.0	4.857142857142857
58.0	4.857142857142857
59.0	4.857142857142857
60.0	4.857142857142857
61.0	4.857142857142857
62.0	4.857142857142857
63.0	4.857142857142857
64.0	4.857142857142857
65.0	4.857142857142857
66.0	4.857142857142857
67.0	4.857142857142857
68.0	4.857142857142857
69.0	4.857142857142857
70.0	4.857142857142857
71.0	4.857142857142857
72.0	4.857142857142857
73.0	4.857142857142857
74.0	4.857142857142857
75.0	4.857142857142857
76.0	4.857142857142857
77.0	4.857142857142857
78.0	4.857142857142857
79.0	4.857142857142857
80.0	4.857142857142857
81.0	4.857142857142857
82.0	4.625
83.0	4.625
84.0	4.625
85.0	4.625
86.0	4.625
87.0	4.625
88.0	4.625
89.0	4.625
90.0	4.625
91.0	4.625
92.0	4.555555555555555
93.0	4.555555555555555
94.0	4.555555555555555
95.0	4.4
96.0	4.4
97.0	4.4
98.0	4.4
99.0	4.4
100.0	4.4
101.0	4.4
102.0	4.4
103.0	4.2727272727272725
104.0	4.2727272727272725
105.0	4.166666666666667
106.0	4.076923076923077
107.0	4.076923076923077
108.0	4.076923076923077
109.0	4.076923076923077
110.0	4.076923076923077
111.0	4.076923076923077
112.0	4.076923076923077
113.0	4.076923076923077
114.0	4.076923076923077
115.0	4.076923076923077
116.0	3.9285714285714284
117.0	3.9285714285714284
118.0	3.8666666666666667
119.0	3.8666666666666667
120.0	3.8666666666666667
121.0	3.8666666666666667
122.0	3.8666666666666667
123.0	3.8666666666666667
124.0	3.8666666666666667
125.0	3.8125
126.0	3.8125
127.0	3.8125
128.0	3.8125
129.0	3.8125
130.0	3.8125
131.0	3.823529411764706
132.0	3.823529411764706
133.0	3.823529411764706
134.0	3.823529411764706
135.0	3.823529411764706
136.0	3.823529411764706
137.0	3.823529411764706
138.0	3.823529411764706
139.0	3.8333333333333335
140.0	3.8333333333333335
141.0	3.8333333333333335
142.0	3.8333333333333335
143.0	3.789473684210526
144.0	3.789473684210526
145.0	3.75
146.0	3.75
147.0	3.75
148.0	3.75
149.0	3.75
150.0	3.75
151.0	3.761904761904762
152.0	3.761904761904762
153.0	3.761904761904762
154.0	3.761904761904762
155.0	3.6818181818181817
156.0	3.6818181818181817
157.0	3.6818181818181817
158.0	3.6818181818181817
159.0	3.6818181818181817
160.0	3.6818181818181817
161.0	3.652173913043478
162.0	3.652173913043478
163.0	3.652173913043478
164.0	3.652173913043478
165.0	3.652173913043478
166.0	3.652173913043478
167.0	3.652173913043478
168.0	3.652173913043478
169.0	3.652173913043478
170.0	3.652173913043478
171.0	3.652173913043478
172.0	3.652173913043478
173.0	3.652173913043478
174.0	3.652173913043478
175.0	3.652173913043478
176.0	3.625
177.0	3.625
178.0	3.625
179.0	3.625
180.0	3.6
181.0	3.6
182.0	3.6
183.0	3.6
184.0	3.6
185.0	3.6
186.0	3.6
187.0	3.6
188.0	3.6
189.0	3.6
190.0	3.6
191.0	3.6
192.0	3.6
193.0	3.576923076923077
194.0	3.576923076923077
195.0	3.576923076923077
196.0	3.576923076923077
197.0	3.576923076923077
198.0	3.576923076923077
199.0	3.576923076923077
200.0	3.576923076923077
201.0	3.576923076923077
202.0	3.576923076923077
203.0	3.576923076923077
204.0	3.576923076923077
205.0	3.576923076923077
206.0	3.576923076923077
207.0	3.576923076923077
208.0	3.576923076923077
209.0	3.576923076923077
210.0	3.576923076923077
211.0	3.576923076923077
212.0	3.576923076923077
213.0	3.576923076923077
214.0	3.576923076923077
215.0	3.576923076923077
216.0	3.576923076923077
217.0	3.576923076923077
218.0	3.576923076923077
219.0	3.576923076923077
220.0	3.5555555555555554
221.0	3.5555555555555554
222.0	3.5555555555555554
223.0	3.5555555555555554
224.0	3.5555555555555554
225.0	3.5555555555555554
226.0	3.5555555555555554
227.0	3.5555555555555554
228.0	3.5555555555555554
229.0	3.5555555555555554
230.0	3.5555555555555554
231.0	3.5714285714285716
232.0	3.5714285714285716
233.0	3.5714285714285716
234.0	3.5714285714285716
235.0	3.5714285714285716
236.0	3.5714285714285716
237.0	3.5714285714285716
238.0	3.5714285714285716
239.0	3.5714285714285716
240.0	3.5714285714285716
241.0	3.5714285714285716
242.0	3.5714285714285716
243.0	3.586206896551724
244.0	3.586206896551724
245.0	3.586206896551724
246.0	3.586206896551724
247.0	3.586206896551724
248.0	3.586206896551724
249.0	3.586206896551724
250.0	3.586206896551724
251.0	3.586206896551724
252.0	3.586206896551724
253.0	3.586206896551724
254.0	3.586206896551724
255.0	3.586206896551724
256.0	3.586206896551724
257.0	3.586206896551724
258.0	3.566666666666667
259.0	3.5806451612903225
260.0	3.5806451612903225
261.0	3.5806451612903225
262.0	3.5806451612903225
263.0	3.5806451612903225
264.0	3.5806451612903225
265.0	3.5806451612903225
266.0	3.5806451612903225
267.0	3.5806451612903225
268.0	3.5806451612903225
269.0	3.5806451612903225
270.0	3.5806451612903225
271.0	3.5806451612903225
272.0	3.5806451612903225
273.0	3.5625
274.0	3.5625
275.0	3.5625
276.0	3.5625
277.0	3.5625
278.0	3.5625
279.0	3.5625
280.0	3.5625
281.0	3.5625
282.0	3.5757575757575757
283.0	3.5757575757575757
284.0	3.5757575757575757
285.0	3.5757575757575757
286.0	3.5757575757575757
287.0	3.5757575757575757
288.0	3.5757575757575757
289.0	3.5757575757575757
290.0	3.5757575757575757
291.0	3.5757575757575757
292.0	3.5757575757575757
293.0	3.5757575757575757
294.0	3.5757575757575757
295.0	3.5757575757575757
296.0	3.5757575757575757
297.0	3.588235294117647
298.0	3.588235294117647
299.0	3.588235294117647
300.0	3.588235294117647
301.0	3.588235294117647
302.0	3.588235294117647
303.0	3.588235294117647
304.0	3.588235294117647
305.0	3.588235294117647
306.0	3.588235294117647
307.0	3.588235294117647
308.0	3.588235294117647
309.0	3.588235294117647
310.0	3.588235294117647
311.0	3.588235294117647
312.0	3.588235294117647
313.0	3.588235294117647
314.0	3.588235294117647
315.0	3.588235294117647
316.0	3.588235294117647
317.0	3.5428571428571427
318.0	3.5428571428571427
319.0	3.5428571428571427
320.0	3.5428571428571427
321.0	3.5428571428571427
322.0	3.5428571428571427
323.0	3.5555555555555554
324.0	3.5555555555555554
325.0	3.5555555555555554
326.0	3.5555555555555554
327.0	3.5555555555555554
328.0	3.5555555555555554
329.0	3.5555555555555554
330.0	3.5555555555555554
331.0	3.5405405405405403
332.0	3.5405405405405403
333.0	3.5405405405405403
334.0	3.5405405405405403
335.0	3.5405405405405403
336.0	3.5405405405405403
337.0	3.5405405405405403
338.0	3.5405405405405403
339.0	3.5405405405405403
340.0	3.5405405405405403
341.0	3.5405405405405403
342.0	3.5405405405405403
343.0	3.5405405405405403
344.0	3.5405405405405403
345.0	3.5405405405405403
346.0	3.5405405405405403
347.0	3.5405405405405403
348.0	3.5405405405405403
349.0	3.5405405405405403
350.0	3.5405405405405403
351.0	3.5405405405405403
352.0	3.5405405405405403
353.0	3.5526315789473686
354.0	3.5526315789473686
355.0	3.5526315789473686
356.0	3.5526315789473686
357.0	3.5526315789473686
358.0	3.5526315789473686
359.0	3.5526315789473686
360.0	3.5526315789473686
361.0	3.5384615384615383
362.0	3.5384615384615383
363.0	3.5384615384615383
364.0	3.5384615384615383
365.0	3.5384615384615383
366.0	3.5384615384615383
367.0	3.5384615384615383
368.0	3.5384615384615383
369.0	3.5384615384615383
370.0	3.5384615384615383
371.0	3.5384615384615383
372.0	3.55
373.0	3.55
374.0	3.5609756097560976
375.0	3.5609756097560976
376.0	3.5609756097560976
377.0	3.5609756097560976
378.0	3.5609756097560976
379.0	3.5609756097560976
380.0	3.5609756097560976
381.0	3.5609756097560976
382.0	3.5609756097560976
383.0	3.5609756097560976
384.0	3.5714285714285716
385.0	3.5714285714285716
386.0	3.5714285714285716
387.0	3.5714285714285716
388.0	3.558139534883721
389.0	3.558139534883721
390.0	3.5454545454545454
391.0	3.5454545454545454
392.0	3.5454545454545454
393.0	3.5454545454545454
394.0	3.5454545454545454
395.0	3.5454545454545454
396.0	3.5454545454545454
397.0	3.5454545454545454
398.0	3.5454545454545454
399.0	3.5555555555555554
400.0	3.5434782608695654
401.0	3.5531914893617023
402.0	3.5208333333333335
403.0	3.5208333333333335
404.0	3.5208333333333335
405.0	3.5208333333333335
406.0	3.5208333333333335
407.0	3.5208333333333335
408.0	3.5208333333333335
409.0	3.5208333333333335
410.0	3.5208333333333335
411.0	3.5208333333333335
412.0	3.5208333333333335
413.0	3.5208333333333335
414.0	3.5208333333333335
415.0	3.5208333333333335
416.0	3.5208333333333335
417.0	3.5208333333333335
418.0	3.5208333333333335
419.0	3.5208333333333335
420.0	3.5208333333333335
421.0	3.5208333333333335
422.0	3.510204081632653
423.0	3.510204081632653
424.0	3.510204081632653
425.0	3.510204081632653
426.0	3.510204081632653
427.0	3.510204081632653
428.0	3.510204081632653
429.0	3.510204081632653
430.0	3.510204081632653
431.0	3.510204081632653
432.0	3.510204081632653
433.0	3.510204081632653
434.0	3.510204081632653
435.0	3.510204081632653
436.0	3.510204081632653
437.0	3.510204081632653
438.0	3.510204081632653
439.0	3.510204081632653
440.0	3.510204081632653
441.0	3.510204081632653
442.0	3.510204081632653
443.0	3.510204081632653
444.0	3.510204081632653
445.0	3.510204081632653
446.0	3.52
447.0	3.52
448.0	3.52
449.0	3.52
450.0	3.52
451.0	3.52
452.0	3.52
453.0	3.52
454.0	3.52
455.0	3.52
456.0	3.52
457.0	3.4705882352941178
458.0	3.4705882352941178
459.0	3.4705882352941178
460.0	3.4705882352941178
461.0	3.4705882352941178
462.0	3.4705882352941178
463.0	3.4423076923076925
464.0	3.4423076923076925
465.0	3.4423076923076925
466.0	3.4423076923076925
467.0	3.4423076923076925
468.0	3.452830188679245
469.0	3.452830188679245
470.0	3.452830188679245
471.0	3.452830188679245
472.0	3.452830188679245
473.0	3.452830188679245
474.0	3.452830188679245
475.0	3.452830188679245
476.0	3.452830188679245
477.0	3.452830188679245
478.0	3.4074074074074074
479.0	3.4074074074074074
480.0	3.4074074074074074
481.0	3.4074074074074074
482.0	3.4074074074074074
483.0	3.4074074074074074
484.0	3.4074074074074074
485.0	3.418181818181818
486.0	3.418181818181818
487.0	3.418181818181818
488.0	3.418181818181818
489.0	3.418181818181818
490.0	3.418181818181818
491.0	3.418181818181818
492.0	3.418181818181818
493.0	3.418181818181818
494.0	3.418181818181818
495.0	3.418181818181818
496.0	3.418181818181818
497.0	3.418181818181818
498.0	3.418181818181818
499.0	3.418181818181818
500.0	3.418181818181818
501.0	3.418181818181818
502.0	3.4107142857142856
503.0	3.4107142857142856
504.0	3.4107142857142856
505.0	3.4107142857142856
506.0	3.4107142857142856
507.0	3.4107142857142856
508.0	3.4107142857142856
509.0	3.4107142857142856
510.0	3.4107142857142856
511.0	3.4035087719298245
512.0	3.4035087719298245
513.0	3.4035087719298245
514.0	3.4035087719298245
515.0	3.4035087719298245
516.0	3.4035087719298245
517.0	3.4035087719298245
518.0	3.4035087719298245
519.0	3.4035087719298245
520.0	3.3793103448275863
521.0	3.3793103448275863
522.0	3.3793103448275863
523.0	3.3793103448275863
524.0	3.3793103448275863
525.0	3.3793103448275863
526.0	3.3793103448275863
527.0	3.3793103448275863
528.0	3.3793103448275863
529.0	3.3793103448275863
530.0	3.3793103448275863
531.0	3.3793103448275863
532.0	3.3793103448275863
533.0	3.3793103448275863
534.0	3.3793103448275863
535.0	3.3793103448275863
536.0	3.3793103448275863
537.0	3.3793103448275863
538.0	3.3793103448275863
539.0	3.3793103448275863
540.0	3.3793103448275863
541.0	3.3793103448275863
542.0	3.3793103448275863
543.0	3.3793103448275863
544.0	3.3793103448275863
545.0	3.3793103448275863
546.0	3.3793103448275863
547.0	3.3793103448275863
548.0	3.3728813559322033
549.0	3.3728813559322033
550.0	3.3833333333333333
551.0	3.3833333333333333
552.0	3.3833333333333333
553.0	3.3833333333333333
554.0	3.3833333333333333
555.0	3.3833333333333333
556.0	3.3833333333333333
557.0	3.3833333333333333
558.0	3.3833333333333333
559.0	3.3833333333333333
560.0	3.3833333333333333
561.0	3.3833333333333333
562.0	3.3833333333333333
563.0	3.377049180327869
564.0	3.377049180327869
565.0	3.377049180327869
566.0	3.370967741935484
567.0	3.370967741935484
568.0	3.370967741935484
569.0	3.370967741935484
570.0	3.370967741935484
571.0	3.365079365079365
572.0	3.375
573.0	3.375
574.0	3.375
575.0	3.375
576.0	3.375
577.0	3.375
578.0	3.375
579.0	3.375
580.0	3.375
581.0	3.375
582.0	3.375
583.0	3.375
584.0	3.375
585.0	3.375
586.0	3.375
587.0	3.375
588.0	3.3384615384615386
589.0	3.3384615384615386
590.0	3.3384615384615386
591.0	3.3384615384615386
592.0	3.3384615384615386
593.0	3.3384615384615386
594.0	3.3384615384615386
595.0	3.3384615384615386
596.0	3.3484848484848486
597.0	3.3484848484848486
598.0	3.3484848484848486
599.0	3.3484848484848486
600.0	3.3484848484848486
601.0	3.3484848484848486
602.0	3.3484848484848486
603.0	3.3484848484848486
604.0	3.3484848484848486
605.0	3.3484848484848486
606.0	3.3484848484848486
607.0	3.3484848484848486
608.0	3.3484848484848486
609.0	3.3484848484848486
610.0	3.3484848484848486
611.0	3.3484848484848486
612.0	3.3484848484848486
613.0	3.3484848484848486
614.0	3.3484848484848486
615.0	3.3484848484848486
616.0	3.343283582089552
617.0	3.343283582089552
618.0	3.343283582089552
619.0	3.343283582089552
620.0	3.323529411764706
621.0	3.323529411764706
622.0	3.3333333333333335
623.0	3.3333333333333335
624.0	3.3333333333333335
625.0	3.3333333333333335
626.0	3.3333333333333335
627.0	3.3333333333333335
628.0	3.3333333333333335
629.0	3.3333333333333335
630.0	3.3333333333333335
631.0	3.3333333333333335
632.0	3.3333333333333335
633.0	3.3333333333333335
634.0	3.342857142857143
635.0	3.342857142857143
636.0	3.342857142857143
637.0	3.342857142857143
638.0	3.342857142857143
639.0	3.342857142857143
640.0	3.342857142857143
641.0	3.342857142857143
642.0	3.342857142857143
643.0	3.352112676056338
644.0	3.352112676056338
645.0	3.352112676056338
646.0	3.361111111111111
647.0	3.361111111111111
648.0	3.361111111111111
649.0	3.361111111111111
650.0	3.361111111111111
651.0	3.361111111111111
652.0	3.3424657534246576
653.0	3.3378378378378377
654.0	3.3378378378378377
655.0	3.3378378378378377
656.0	3.3378378378378377
657.0	3.3378378378378377
658.0	3.3378378378378377
659.0	3.3378378378378377
660.0	3.3378378378378377
661.0	3.3378378378378377
662.0	3.3378378378378377
663.0	3.3378378378378377
664.0	3.3378378378378377
665.0	3.3378378378378377
666.0	3.3378378378378377
667.0	3.3378378378378377
668.0	3.3378378378378377
669.0	3.3378378378378377
670.0	3.3378378378378377
671.0	3.3378378378378377
672.0	3.3378378378378377
673.0	3.3378378378378377
674.0	3.3378378378378377
675.0	3.3378378378378377
676.0	3.3378378378378377
677.0	3.3378378378378377
678.0	3.3466666666666667
679.0	3.3466666666666667
680.0	3.3466666666666667
681.0	3.3466666666666667
682.0	3.3466666666666667
683.0	3.3466666666666667
684.0	3.3466666666666667
685.0	3.3466666666666667
686.0	3.3157894736842106
687.0	3.3157894736842106
688.0	3.3157894736842106
689.0	3.3157894736842106
690.0	3.3157894736842106
691.0	3.3157894736842106
692.0	3.3157894736842106
693.0	3.3157894736842106
694.0	3.3157894736842106
695.0	3.3157894736842106
696.0	3.324675324675325
697.0	3.324675324675325
698.0	3.324675324675325
699.0	3.324675324675325
700.0	3.324675324675325
701.0	3.324675324675325
702.0	3.324675324675325
703.0	3.324675324675325
704.0	3.324675324675325
705.0	3.324675324675325
706.0	3.324675324675325
707.0	3.324675324675325
708.0	3.3205128205128207
709.0	3.3205128205128207
710.0	3.3205128205128207
711.0	3.3205128205128207
712.0	3.3205128205128207
713.0	3.3205128205128207
714.0	3.3205128205128207
715.0	3.3205128205128207
716.0	3.3205128205128207
717.0	3.3205128205128207
718.0	3.3205128205128207
719.0	3.3205128205128207
720.0	3.3164556962025316
721.0	3.3164556962025316
722.0	3.3164556962025316
723.0	3.3125
724.0	3.3125
725.0	3.3125
726.0	3.3125
727.0	3.3125
728.0	3.3125
729.0	3.3209876543209877
730.0	3.3209876543209877
731.0	3.3209876543209877
732.0	3.3209876543209877
733.0	3.3209876543209877
734.0	3.3209876543209877
735.0	3.3209876543209877
736.0	3.3209876543209877
737.0	3.3209876543209877
738.0	3.3209876543209877
739.0	3.3209876543209877
740.0	3.3209876543209877
741.0	3.3209876543209877
742.0	3.3209876543209877
743.0	3.3209876543209877
744.0	3.3209876543209877
745.0	3.3209876543209877
746.0	3.3209876543209877
747.0	3.3209876543209877
748.0	3.3209876543209877
749.0	3.3209876543209877
750.0	3.317073170731707
751.0	3.317073170731707
752.0	3.317073170731707
753.0	3.317073170731707
754.0	3.317073170731707
755.0	3.317073170731707
756.0	3.3012048192771086
757.0	3.3012048192771086
758.0	3.3012048192771086
759.0	3.3012048192771086
760.0	3.3012048192771086
761.0	3.3012048192771086
762.0	3.3012048192771086
763.0	3.3012048192771086
764.0	3.3012048192771086
765.0	3.3012048192771086
766.0	3.3012048192771086
767.0	3.2976190476190474
768.0	3.2976190476190474
769.0	3.2976190476190474
770.0	3.2976190476190474
771.0	3.2823529411764705
772.0	3.2823529411764705
773.0	3.2823529411764705
774.0	3.2674418604651163
775.0	3.2413793103448274
776.0	3.2413793103448274
777.0	3.2413793103448274
778.0	3.2413793103448274
779.0	3.2413793103448274
780.0	3.2413793103448274
781.0	3.2413793103448274
782.0	3.2413793103448274
783.0	3.2413793103448274
784.0	3.2413793103448274
785.0	3.2413793103448274
786.0	3.2413793103448274
787.0	3.2413793103448274
788.0	3.2413793103448274
789.0	3.2413793103448274
790.0	3.2413793103448274
791.0	3.2413793103448274
792.0	3.2413793103448274
793.0	3.2413793103448274
794.0	3.2413793103448274
795.0	3.2413793103448274
796.0	3.2413793103448274
797.0	3.2413793103448274
798.0	3.2413793103448274
799.0	3.2413793103448274
800.0	3.2413793103448274
801.0	3.2413793103448274
802.0	3.2413793103448274
803.0	3.2413793103448274
804.0	3.2413793103448274
805.0	3.2413793103448274
806.0	3.2413793103448274
807.0	3.2413793103448274
808.0	3.2413793103448274
809.0	3.25
810.0	3.25
811.0	3.25
812.0	3.25
813.0	3.247191011235955
814.0	3.247191011235955
815.0	3.2222222222222223
816.0	3.2222222222222223
817.0	3.2222222222222223
818.0	3.21978021978022
819.0	3.21978021978022
820.0	3.21978021978022
821.0	3.21978021978022
822.0	3.21978021978022
823.0	3.21978021978022
824.0	3.21978021978022
825.0	3.21978021978022
826.0	3.21978021978022
827.0	3.21978021978022
828.0	3.21978021978022
829.0	3.21978021978022
830.0	3.21978021978022
831.0	3.21978021978022
832.0	3.21978021978022
833.0	3.21978021978022
834.0	3.21978021978022
835.0	3.21978021978022
836.0	3.21978021978022
837.0	3.21978021978022
838.0	3.21978021978022
839.0	3.21978021978022
840.0	3.21978021978022
841.0	3.21978021978022
842.0	3.21978021978022
843.0	3.21978021978022
844.0	3.21978021978022
845.0	3.21978021978022
846.0	3.21978021978022
847.0	3.21978021978022
848.0	3.21978021978022
849.0	3.21978021978022
850.0	3.21978021978022
851.0	3.21978021978022
852.0	3.21978021978022
853.0	3.21978021978022
854.0	3.217391304347826
855.0	3.217391304347826
856.0	3.217391304347826
857.0	3.217391304347826
858.0	3.217391304347826
859.0	3.217391304347826
860.0	3.217391304347826
861.0	3.217391304347826
862.0	3.217391304347826
863.0	3.217391304347826
864.0	3.217391304347826
865.0	3.21505376344086
866.0	3.21505376344086
867.0	3.21505376344086
868.0	3.21505376344086
869.0	3.21505376344086
870.0	3.21505376344086
871.0	3.21505376344086
872.0	3.21505376344086
873.0	3.21505376344086
874.0	3.21505376344086
875.0	3.21505376344086
876.0	3.202127659574468
877.0	3.202127659574468
878.0	3.202127659574468
879.0	3.202127659574468
880.0	3.202127659574468
881.0	3.202127659574468
882.0	3.2
883.0	3.2
884.0	3.2
885.0	3.2
886.0	3.2
887.0	3.2
888.0	3.2083333333333335
889.0	3.2083333333333335
890.0	3.2083333333333335
891.0	3.2061855670103094
892.0	3.204081632653061
893.0	3.204081632653061
894.0	3.204081632653061
895.0	3.204081632653061
896.0	3.204081632653061
897.0	3.204081632653061
898.0	3.204081632653061
899.0	3.204081632653061
900.0	3.202020202020202
901.0	3.202020202020202
902.0	3.202020202020202
903.0	3.202020202020202
904.0	3.202020202020202
905.0	3.2
906.0	3.2
907.0	3.2
908.0	3.2
909.0	3.2
910.0	3.2
911.0	3.2
912.0	3.2
913.0	3.2
914.0	3.2
915.0	3.2
916.0	3.2
917.0	3.198019801980198
918.0	3.198019801980198
919.0	3.198019801980198
920.0	3.198019801980198
921.0	3.198019801980198
922.0	3.198019801980198
923.0	3.198019801980198
924.0	3.198019801980198
925.0	3.198019801980198
926.0	3.198019801980198
927.0	3.198019801980198
928.0	3.198019801980198
929.0	3.198019801980198
930.0	3.198019801980198
931.0	3.198019801980198
932.0	3.198019801980198
933.0	3.198019801980198
934.0	3.198019801980198
935.0	3.198019801980198
936.0	3.198019801980198
937.0	3.198019801980198
938.0	3.198019801980198
939.0	3.198019801980198
940.0	3.198019801980198
941.0	3.198019801980198
942.0	3.198019801980198
943.0	3.198019801980198
944.0	3.198019801980198
945.0	3.198019801980198
946.0	3.196078431372549
947.0	3.196078431372549
948.0	3.196078431372549
949.0	3.196078431372549
950.0	3.196078431372549
951.0	3.196078431372549
952.0	3.196078431372549
953.0	3.196078431372549
954.0	3.174757281553398
955.0	3.174757281553398
956.0	3.174757281553398
957.0	3.174757281553398
958.0	3.1826923076923075
959.0	3.1826923076923075
960.0	3.1826923076923075
961.0	3.1826923076923075
962.0	3.1826923076923075
963.0	3.1904761904761907
964.0	3.1904761904761907
965.0	3.1904761904761907
966.0	3.1904761904761907
967.0	3.1904761904761907
968.0	3.1904761904761907
969.0	3.1904761904761907
970.0	3.1904761904761907
971.0	3.1904761904761907
972.0	3.1904761904761907
973.0	3.1904761904761907
974.0	3.1904761904761907
975.0	3.1904761904761907
976.0	3.1904761904761907
977.0	3.1904761904761907
978.0	3.1792452830188678
979.0	3.1792452830188678
980.0	3.1792452830188678
981.0	3.1792452830188678
982.0	3.1792452830188678
983.0	3.1792452830188678
984.0	3.177570093457944
985.0	3.177570093457944
986.0	3.177570093457944
987.0	3.177570093457944
988.0	3.177570093457944
989.0	3.175925925925926
990.0	3.175925925925926
991.0	3.175925925925926
992.0	3.175925925925926
993.0	3.175925925925926
994.0	3.175925925925926
995.0	3.175925925925926
996.0	3.175925925925926
997.0	3.175925925925926
998.0	3.175925925925926
999.0	3.175925925925926
1000.0	3.175925925925926
1001.0	3.18348623853211
1002.0	3.18348623853211
1003.0	3.18348623853211
1004.0	3.18348623853211
1005.0	3.18348623853211
1006.0	3.18348623853211
1007.0	3.18348623853211
1008.0	3.190909090909091
1009.0	3.190909090909091
1010.0	3.18018018018018
1011.0	3.18018018018018
1012.0	3.18018018018018
1013.0	3.18018018018018
1014.0	3.18018018018018
1015.0	3.18018018018018
1016.0	3.18018018018018
1017.0	3.18018018018018
1018.0	3.18018018018018
1019.0	3.18018018018018
1020.0	3.18018018018018
1021.0	3.18018018018018
1022.0	3.18018018018018
1023.0	3.18018018018018
1024.0	3.18018018018018
1025.0	3.1785714285714284
1026.0	3.1785714285714284
1027.0	3.1785714285714284
1028.0	3.1785714285714284
1029.0	3.185840707964602
1030.0	3.185840707964602
1031.0	3.185840707964602
1032.0	3.185840707964602
1033.0	3.185840707964602
1034.0	3.185840707964602
1035.0	3.185840707964602
1036.0	3.185840707964602
1037.0	3.185840707964602
1038.0	3.185840707964602
1039.0	3.185840707964602
1040.0	3.185840707964602
1041.0	3.185840707964602
1042.0	3.185840707964602
1043.0	3.1842105263157894
1044.0	3.1842105263157894
1045.0	3.1842105263157894
1046.0	3.1842105263157894
1047.0	3.1842105263157894
1048.0	3.1842105263157894
1049.0	3.1842105263157894
1050.0	3.1842105263157894
1051.0	3.1842105263157894
1052.0	3.1842105263157894
1053.0	3.1842105263157894
1054.0	3.1842105263157894
1055.0	3.1842105263157894
1056.0	3.1913043478260867
1057.0	3.1913043478260867
1058.0	3.1913043478260867
1059.0	3.1913043478260867
1060.0	3.1913043478260867
1061.0	3.1913043478260867
1062.0	3.1913043478260867
1063.0	3.1913043478260867
1064.0	3.1913043478260867
1065.0	3.1913043478260867
1066.0	3.1913043478260867
1067.0	3.1913043478260867
1068.0	3.1913043478260867
1069.0	3.1913043478260867
1070.0	3.1913043478260867
1071.0	3.189655172413793
1072.0	3.189655172413793
1073.0	3.189655172413793
1074.0	3.189655172413793
1075.0	3.189655172413793
1076.0	3.189655172413793
1077.0	3.189655172413793
1078.0	3.189655172413793
1079.0	3.189655172413793
1080.0	3.189655172413793
1081.0	3.189655172413793
1082.0	3.189655172413793
1083.0	3.189655172413793
1084.0	3.189655172413793
1085.0	3.189655172413793
1086.0	3.189655172413793
1087.0	3.1794871794871793
1088.0	3.1794871794871793
1089.0	3.1794871794871793
1090.0	3.1794871794871793
1091.0	3.1794871794871793
1092.0	3.1794871794871793
1093.0	3.169491525423729
1094.0	3.169491525423729
1095.0	3.169491525423729
1096.0	3.169491525423729
1097.0	3.169491525423729
1098.0	3.169491525423729
1099.0	3.169491525423729
1100.0	3.169491525423729
1101.0	3.169491525423729
1102.0	3.169491525423729
1103.0	3.169491525423729
1104.0	3.169491525423729
1105.0	3.1596638655462184
1106.0	3.1596638655462184
1107.0	3.1596638655462184
1108.0	3.1596638655462184
1109.0	3.1596638655462184
1110.0	3.1596638655462184
1111.0	3.1596638655462184
1112.0	3.1596638655462184
1113.0	3.1596638655462184
1114.0	3.1596638655462184
1115.0	3.1596638655462184
1116.0	3.1596638655462184
1117.0	3.1666666666666665
1118.0	3.1666666666666665
1119.0	3.1666666666666665
1120.0	3.1666666666666665
1121.0	3.1666666666666665
1122.0	3.1666666666666665
1123.0	3.1666666666666665
1124.0	3.1666666666666665
1125.0	3.1666666666666665
1126.0	3.1666666666666665
1127.0	3.1666666666666665
1128.0	3.1666666666666665
1129.0	3.165289256198347
1130.0	3.165289256198347
1131.0	3.165289256198347
1132.0	3.1721311475409837
1133.0	3.1721311475409837
1134.0	3.1721311475409837
1135.0	3.1721311475409837
1136.0	3.1721311475409837
1137.0	3.178861788617886
1138.0	3.178861788617886
1139.0	3.178861788617886
1140.0	3.178861788617886
1141.0	3.161290322580645
1142.0	3.161290322580645
1143.0	3.161290322580645
1144.0	3.161290322580645
1145.0	3.161290322580645
1146.0	3.161290322580645
1147.0	3.161290322580645
1148.0	3.16
1149.0	3.16
1150.0	3.16
1151.0	3.1666666666666665
1152.0	3.1666666666666665
1153.0	3.1666666666666665
1154.0	3.1666666666666665
1155.0	3.1666666666666665
1156.0	3.1666666666666665
1157.0	3.1666666666666665
1158.0	3.1666666666666665
1159.0	3.1666666666666665
1160.0	3.1666666666666665
1161.0	3.1653543307086616
1162.0	3.1653543307086616
1163.0	3.1653543307086616
1164.0	3.1653543307086616
1165.0	3.1653543307086616
1166.0	3.1653543307086616
1167.0	3.1653543307086616
1168.0	3.1653543307086616
1169.0	3.1653543307086616
1170.0	3.1653543307086616
1171.0	3.1653543307086616
1172.0	3.1653543307086616
1173.0	3.1653543307086616
1174.0	3.15625
1175.0	3.15625
1176.0	3.15625
1177.0	3.15625
1178.0	3.15625
1179.0	3.15625
1180.0	3.1627906976744184
1181.0	3.1627906976744184
1182.0	3.1627906976744184
1183.0	3.1615384615384614
1184.0	3.1615384615384614
1185.0	3.1615384615384614
1186.0	3.1615384615384614
1187.0	3.1615384615384614
1188.0	3.1615384615384614
1189.0	3.1615384615384614
1190.0	3.1615384615384614
1191.0	3.1615384615384614
1192.0	3.1615384615384614
1193.0	3.1615384615384614
1194.0	3.1615384615384614
1195.0	3.1615384615384614
1196.0	3.1615384615384614
1197.0	3.1615384615384614
1198.0	3.1615384615384614
1199.0	3.1615384615384614
1200.0	3.1615384615384614
1201.0	3.1615384615384614
1202.0	3.1615384615384614
1203.0	3.1615384615384614
1204.0	3.1615384615384614
1205.0	3.1615384615384614
1206.0	3.1615384615384614
1207.0	3.1615384615384614
1208.0	3.1615384615384614
1209.0	3.1615384615384614
1210.0	3.1615384615384614
1211.0	3.1615384615384614
1212.0	3.1615384615384614
1213.0	3.1615384615384614
1214.0	3.1615384615384614
1215.0	3.1615384615384614
1216.0	3.1615384615384614
1217.0	3.1615384615384614
1218.0	3.1603053435114505
1219.0	3.1603053435114505
1220.0	3.1603053435114505
1221.0	3.1603053435114505
1222.0	3.1603053435114505
1223.0	3.1603053435114505
1224.0	3.1603053435114505
1225.0	3.1603053435114505
1226.0	3.1603053435114505
1227.0	3.1603053435114505
1228.0	3.1603053435114505
1229.0	3.1603053435114505
1230.0	3.1603053435114505
1231.0	3.1603053435114505
1232.0	3.1603053435114505
1233.0	3.1603053435114505
1234.0	3.1603053435114505
1235.0	3.1603053435114505
1236.0	3.1603053435114505
1237.0	3.1603053435114505
1238.0	3.1666666666666665
1239.0	3.1666666666666665
1240.0	3.1666666666666665
1241.0	3.1666666666666665
1242.0	3.1666666666666665
1243.0	3.1666666666666665
1244.0	3.1666666666666665
1245.0	3.1666666666666665
1246.0	3.1666666666666665
1247.0	3.1666666666666665
1248.0	3.1666666666666665
1249.0	3.1666666666666665
1250.0	3.1666666666666665
1251.0	3.172932330827068
1252.0	3.172932330827068
1253.0	3.172932330827068
1254.0	3.172932330827068
1255.0	3.172932330827068
1256.0	3.172932330827068
1257.0	3.172932330827068
1258.0	3.172932330827068
1259.0	3.172932330827068
1260.0	3.172932330827068
1261.0	3.172932330827068
1262.0	3.172932330827068
1263.0	3.172932330827068
1264.0	3.172932330827068
1265.0	3.172932330827068
1266.0	3.172932330827068
1267.0	3.172932330827068
1268.0	3.172932330827068
1269.0	3.172932330827068
1270.0	3.172932330827068
1271.0	3.172932330827068
1272.0	3.172932330827068
1273.0	3.172932330827068
1274.0	3.172932330827068
1275.0	3.1791044776119404
1276.0	3.1791044776119404
1277.0	3.1791044776119404
1278.0	3.1791044776119404
1279.0	3.1791044776119404
1280.0	3.1791044776119404
1281.0	3.1777777777777776
1282.0	3.1777777777777776
1283.0	3.1777777777777776
1284.0	3.1777777777777776
1285.0	3.1777777777777776
1286.0	3.1777777777777776
1287.0	3.1777777777777776
1288.0	3.1777777777777776
1289.0	3.1777777777777776
1290.0	3.1777777777777776
1291.0	3.1777777777777776
1292.0	3.1777777777777776
1293.0	3.1777777777777776
1294.0	3.1777777777777776
1295.0	3.1777777777777776
1296.0	3.1777777777777776
1297.0	3.176470588235294
1298.0	3.176470588235294
1299.0	3.176470588235294
1300.0	3.176470588235294
1301.0	3.176470588235294
1302.0	3.176470588235294
1303.0	3.176470588235294
1304.0	3.176470588235294
1305.0	3.176470588235294
1306.0	3.176470588235294
1307.0	3.176470588235294
1308.0	3.176470588235294
1309.0	3.176470588235294
1310.0	3.176470588235294
1311.0	3.176470588235294
1312.0	3.176470588235294
1313.0	3.176470588235294
1314.0	3.176470588235294
1315.0	3.176470588235294
1316.0	3.1824817518248176
1317.0	3.1824817518248176
1318.0	3.1824817518248176
1319.0	3.1824817518248176
1320.0	3.1824817518248176
1321.0	3.1824817518248176
1322.0	3.1824817518248176
1323.0	3.1824817518248176
1324.0	3.1824817518248176
1325.0	3.1824817518248176
1326.0	3.1824817518248176
1327.0	3.1824817518248176
1328.0	3.1824817518248176
1329.0	3.1824817518248176
1330.0	3.1824817518248176
1331.0	3.1824817518248176
1332.0	3.1824817518248176
1333.0	3.1824817518248176
1334.0	3.1824817518248176
1335.0	3.1824817518248176
1336.0	3.1824817518248176
1337.0	3.1824817518248176
1338.0	3.1824817518248176
1339.0	3.1824817518248176
1340.0	3.1824817518248176
1341.0	3.1824817518248176
1342.0	3.1824817518248176
1343.0	3.1824817518248176
1344.0	3.1824817518248176
1345.0	3.1824817518248176
1346.0	3.1824817518248176
1347.0	3.1824817518248176
1348.0	3.1824817518248176
1349.0	3.1824817518248176
1350.0	3.1824817518248176
1351.0	3.1824817518248176
1352.0	3.1824817518248176
1353.0	3.1824817518248176
1354.0	3.1824817518248176
1355.0	3.1824817518248176
1356.0	3.1824817518248176
1357.0	3.1824817518248176
1358.0	3.1824817518248176
1359.0	3.1824817518248176
1360.0	3.181159420289855
1361.0	3.181159420289855
1362.0	3.181159420289855
1363.0	3.181159420289855
1364.0	3.181159420289855
1365.0	3.181159420289855
1366.0	3.179856115107914
1367.0	3.179856115107914
1368.0	3.179856115107914
1369.0	3.179856115107914
1370.0	3.179856115107914
1371.0	3.179856115107914
1372.0	3.179856115107914
1373.0	3.1785714285714284
1374.0	3.1785714285714284
1375.0	3.1785714285714284
1376.0	3.1785714285714284
1377.0	3.1785714285714284
1378.0	3.1785714285714284
1379.0	3.1785714285714284
1380.0	3.1785714285714284
1381.0	3.1785714285714284
1382.0	3.1843971631205674
1383.0	3.1843971631205674
1384.0	3.1843971631205674
1385.0	3.1843971631205674
1386.0	3.1843971631205674
1387.0	3.183098591549296
1388.0	3.183098591549296
1389.0	3.174825174825175
1390.0	3.174825174825175
1391.0	3.174825174825175
1392.0	3.1805555555555554
1393.0	3.1805555555555554
1394.0	3.1805555555555554
1395.0	3.1805555555555554
1396.0	3.1805555555555554
1397.0	3.1805555555555554
1398.0	3.1805555555555554
1399.0	3.1805555555555554
1400.0	3.1805555555555554
1401.0	3.1805555555555554
1402.0	3.1805555555555554
1403.0	3.1805555555555554
1404.0	3.1805555555555554
1405.0	3.1805555555555554
1406.0	3.1805555555555554
1407.0	3.1805555555555554
1408.0	3.1805555555555554
1409.0	3.1805555555555554
1410.0	3.1805555555555554
1411.0	3.1805555555555554
1412.0	3.1805555555555554
1413.0	3.1805555555555554
1414.0	3.1805555555555554
1415.0	3.1805555555555554
1416.0	3.1805555555555554
1417.0	3.1805555555555554
1418.0	3.1805555555555554
1419.0	3.1805555555555554
1420.0	3.1805555555555554
1421.0	3.1805555555555554
1422.0	3.1805555555555554
1423.0	3.1805555555555554
1424.0	3.1805555555555554
1425.0	3.1805555555555554
1426.0	3.1805555555555554
1427.0	3.1805555555555554
1428.0	3.1805555555555554
1429.0	3.1805555555555554
1430.0	3.1805555555555554
1431.0	3.1805555555555554
1432.0	3.1805555555555554
1433.0	3.1805555555555554
1434.0	3.1805555555555554
1435.0	3.1805555555555554
1436.0	3.1805555555555554
1437.0	3.1805555555555554
1438.0	3.1805555555555554
1439.0	3.1724137931034484
1440.0	3.1724137931034484
1441.0	3.1724137931034484
1442.0	3.1724137931034484
1443.0	3.1724137931034484
1444.0	3.1724137931034484
1445.0	3.1724137931034484
1446.0	3.1724137931034484
1447.0	3.1724137931034484
1448.0	3.1724137931034484
1449.0	3.1724137931034484
1450.0	3.1724137931034484
1451.0	3.1724137931034484
1452.0	3.1724137931034484
1453.0	3.1724137931034484
1454.0	3.1724137931034484
1455.0	3.1724137931034484
1456.0	3.1724137931034484
1457.0	3.1724137931034484
1458.0	3.1724137931034484
1459.0	3.1724137931034484
1460.0	3.171232876712329
1461.0	3.171232876712329
1462.0	3.171232876712329
1463.0	3.171232876712329
1464.0	3.171232876712329
1465.0	3.171232876712329
1466.0	3.171232876712329
1467.0	3.171232876712329
1468.0	3.171232876712329
1469.0	3.171232876712329
1470.0	3.171232876712329
1471.0	3.171232876712329
1472.0	3.171232876712329
1473.0	3.171232876712329
1474.0	3.171232876712329
1475.0	3.171232876712329
1476.0	3.171232876712329
1477.0	3.171232876712329
1478.0	3.17687074829932
1479.0	3.17687074829932
1480.0	3.17687074829932
1481.0	3.17687074829932
1482.0	3.17687074829932
1483.0	3.17687074829932
1484.0	3.17687074829932
1485.0	3.17687074829932
1486.0	3.17687074829932
1487.0	3.17687074829932
1488.0	3.17687074829932
1489.0	3.17687074829932
1490.0	3.17687074829932
1491.0	3.17687074829932
1492.0	3.17687074829932
1493.0	3.17687074829932
1494.0	3.1824324324324325
1495.0	3.1824324324324325
1496.0	3.1824324324324325
1497.0	3.1824324324324325
1498.0	3.1812080536912752
1499.0	3.1812080536912752
1500.0	3.1812080536912752
1501.0	3.1812080536912752
1502.0	3.1812080536912752
1503.0	3.1812080536912752
1504.0	3.1812080536912752
1505.0	3.1812080536912752
1506.0	3.1812080536912752
1507.0	3.1812080536912752
1508.0	3.18
1509.0	3.18
1510.0	3.18
1511.0	3.18
1512.0	3.18
1513.0	3.18
1514.0	3.18
1515.0	3.18
1516.0	3.18
1517.0	3.18
1518.0	3.18
1519.0	3.1788079470198674
1520.0	3.1788079470198674
1521.0	3.1788079470198674
1522.0	3.1788079470198674
1523.0	3.1788079470198674
1524.0	3.1842105263157894
1525.0	3.1842105263157894
1526.0	3.183006535947712
1527.0	3.183006535947712
1528.0	3.183006535947712
1529.0	3.183006535947712
1530.0	3.183006535947712
1531.0	3.175324675324675
1532.0	3.175324675324675
1533.0	3.175324675324675
1534.0	3.175324675324675
1535.0	3.175324675324675
1536.0	3.175324675324675
1537.0	3.175324675324675
1538.0	3.175324675324675
1539.0	3.175324675324675
1540.0	3.175324675324675
1541.0	3.175324675324675
1542.0	3.175324675324675
1543.0	3.175324675324675
1544.0	3.175324675324675
1545.0	3.174193548387097
1546.0	3.174193548387097
1547.0	3.174193548387097
1548.0	3.1794871794871793
1549.0	3.1794871794871793
1550.0	3.1794871794871793
1551.0	3.1794871794871793
1552.0	3.1794871794871793
1553.0	3.178343949044586
1554.0	3.178343949044586
1555.0	3.178343949044586
1556.0	3.178343949044586
1557.0	3.1772151898734178
1558.0	3.1823899371069184
1559.0	3.1823899371069184
1560.0	3.1823899371069184
1561.0	3.1823899371069184
1562.0	3.1823899371069184
1563.0	3.1823899371069184
1564.0	3.1823899371069184
1565.0	3.1823899371069184
1566.0	3.18125
1567.0	3.186335403726708
1568.0	3.186335403726708
1569.0	3.186335403726708
1570.0	3.186335403726708
1571.0	3.186335403726708
1572.0	3.186335403726708
1573.0	3.1728395061728394
1574.0	3.1717791411042944
1575.0	3.1717791411042944
1576.0	3.1717791411042944
1577.0	3.1717791411042944
1578.0	3.1707317073170733
1579.0	3.1707317073170733
1580.0	3.1707317073170733
1581.0	3.1707317073170733
1582.0	3.1707317073170733
1583.0	3.1707317073170733
1584.0	3.1707317073170733
1585.0	3.1707317073170733
1586.0	3.1707317073170733
1587.0	3.1707317073170733
1588.0	3.1707317073170733
1589.0	3.1707317073170733
1590.0	3.1707317073170733
1591.0	3.1707317073170733
1592.0	3.16969696969697
1593.0	3.16969696969697
1594.0	3.16969696969697
1595.0	3.1686746987951806
1596.0	3.1686746987951806
1597.0	3.1736526946107784
1598.0	3.1736526946107784
1599.0	3.1736526946107784
1600.0	3.1736526946107784
1601.0	3.1736526946107784
1602.0	3.1736526946107784
1603.0	3.1736526946107784
1604.0	3.1736526946107784
1605.0	3.1736526946107784
1606.0	3.1736526946107784
1607.0	3.1736526946107784
1608.0	3.1736526946107784
1609.0	3.1736526946107784
1610.0	3.1736526946107784
1611.0	3.1736526946107784
1612.0	3.1736526946107784
1613.0	3.1736526946107784
1614.0	3.1736526946107784
1615.0	3.1736526946107784
1616.0	3.1726190476190474
1617.0	3.1726190476190474
1618.0	3.171597633136095
1619.0	3.171597633136095
1620.0	3.171597633136095
1621.0	3.171597633136095
1622.0	3.171597633136095
1623.0	3.171597633136095
1624.0	3.171597633136095
1625.0	3.171597633136095
1626.0	3.176470588235294
1627.0	3.176470588235294
1628.0	3.176470588235294
1629.0	3.176470588235294
1630.0	3.1695906432748537
1631.0	3.1695906432748537
1632.0	3.1695906432748537
1633.0	3.1695906432748537
1634.0	3.1695906432748537
1635.0	3.1695906432748537
1636.0	3.1695906432748537
1637.0	3.1695906432748537
1638.0	3.1695906432748537
1639.0	3.1695906432748537
1640.0	3.1695906432748537
1641.0	3.1695906432748537
1642.0	3.1695906432748537
1643.0	3.1695906432748537
1644.0	3.1695906432748537
1645.0	3.1695906432748537
1646.0	3.1695906432748537
1647.0	3.1695906432748537
1648.0	3.1695906432748537
1649.0	3.1686046511627906
1650.0	3.1686046511627906
1651.0	3.1686046511627906
1652.0	3.1686046511627906
1653.0	3.1686046511627906
1654.0	3.1686046511627906
1655.0	3.1686046511627906
1656.0	3.1686046511627906
1657.0	3.1686046511627906
1658.0	3.1686046511627906
1659.0	3.1686046511627906
1660.0	3.1686046511627906
1661.0	3.1686046511627906
1662.0	3.1560693641618496
1663.0	3.1560693641618496
1664.0	3.1560693641618496
1665.0	3.1560693641618496
1666.0	3.1560693641618496
1667.0	3.1551724137931036
1668.0	3.1551724137931036
1669.0	3.1551724137931036
1670.0	3.1551724137931036
1671.0	3.1551724137931036
1672.0	3.1551724137931036
1673.0	3.1551724137931036
1674.0	3.1551724137931036
1675.0	3.1551724137931036
1676.0	3.1551724137931036
1677.0	3.1551724137931036
1678.0	3.1551724137931036
1679.0	3.1542857142857144
1680.0	3.1542857142857144
1681.0	3.1542857142857144
1682.0	3.1542857142857144
1683.0	3.1542857142857144
1684.0	3.1542857142857144
1685.0	3.1542857142857144
1686.0	3.1542857142857144
1687.0	3.1542857142857144
1688.0	3.1542857142857144
1689.0	3.1542857142857144
1690.0	3.1542857142857144
1691.0	3.1542857142857144
1692.0	3.1542857142857144
1693.0	3.1542857142857144
1694.0	3.1542857142857144
1695.0	3.1542857142857144
1696.0	3.1542857142857144
1697.0	3.1542857142857144
1698.0	3.1542857142857144
1699.0	3.1542857142857144
1700.0	3.153409090909091
1701.0	3.153409090909091
1702.0	3.153409090909091
1703.0	3.153409090909091
1704.0	3.153409090909091
1705.0	3.153409090909091
1706.0	3.153409090909091
1707.0	3.153409090909091
1708.0	3.153409090909091
1709.0	3.153409090909091
1710.0	3.153409090909091
1711.0	3.153409090909091
1712.0	3.153409090909091
1713.0	3.153409090909091
1714.0	3.153409090909091
1715.0	3.153409090909091
1716.0	3.153409090909091
1717.0	3.153409090909091
1718.0	3.153409090909091
1719.0	3.153409090909091
1720.0	3.153409090909091
1721.0	3.153409090909091
1722.0	3.153409090909091
1723.0	3.153409090909091
1724.0	3.153409090909091
1725.0	3.153409090909091
1726.0	3.153409090909091
1727.0	3.153409090909091
1728.0	3.153409090909091
1729.0	3.153409090909091
1730.0	3.153409090909091
1731.0	3.153409090909091
1732.0	3.153409090909091
1733.0	3.153409090909091
1734.0	3.153409090909091
1735.0	3.153409090909091
1736.0	3.153409090909091
1737.0	3.153409090909091
1738.0	3.153409090909091
1739.0	3.153409090909091
1740.0	3.15819209039548
1741.0	3.15819209039548
1742.0	3.15819209039548
1743.0	3.15819209039548
1744.0	3.15819209039548
1745.0	3.15819209039548
1746.0	3.15819209039548
1747.0	3.15819209039548
1748.0	3.15819209039548
1749.0	3.15819209039548
1750.0	3.15819209039548
1751.0	3.15819209039548
1752.0	3.15819209039548
1753.0	3.15819209039548
1754.0	3.15819209039548
1755.0	3.15819209039548
1756.0	3.157303370786517
1757.0	3.157303370786517
1758.0	3.157303370786517
1759.0	3.157303370786517
1760.0	3.157303370786517
1761.0	3.157303370786517
1762.0	3.157303370786517
1763.0	3.157303370786517
1764.0	3.157303370786517
1765.0	3.157303370786517
1766.0	3.157303370786517
1767.0	3.157303370786517
1768.0	3.157303370786517
1769.0	3.157303370786517
1770.0	3.157303370786517
1771.0	3.157303370786517
1772.0	3.1620111731843576
1773.0	3.1620111731843576
1774.0	3.1620111731843576
1775.0	3.1620111731843576
1776.0	3.1620111731843576
1777.0	3.1620111731843576
1778.0	3.1620111731843576
1779.0	3.1620111731843576
1780.0	3.1620111731843576
1781.0	3.1620111731843576
1782.0	3.1620111731843576
1783.0	3.1666666666666665
1784.0	3.1666666666666665
1785.0	3.1666666666666665
1786.0	3.1666666666666665
1787.0	3.165745856353591
1788.0	3.165745856353591
1789.0	3.165745856353591
1790.0	3.165745856353591
1791.0	3.1648351648351647
1792.0	3.1648351648351647
1793.0	3.1648351648351647
1794.0	3.1648351648351647
1795.0	3.1648351648351647
1796.0	3.1648351648351647
1797.0	3.1648351648351647
1798.0	3.1648351648351647
1799.0	3.1648351648351647
1800.0	3.1648351648351647
1801.0	3.1648351648351647
1802.0	3.1648351648351647
1803.0	3.1648351648351647
1804.0	3.1648351648351647
1805.0	3.1648351648351647
1806.0	3.1648351648351647
1807.0	3.1648351648351647
1808.0	3.1648351648351647
1809.0	3.1648351648351647
1810.0	3.1648351648351647
1811.0	3.1648351648351647
1812.0	3.1648351648351647
1813.0	3.1648351648351647
1814.0	3.1648351648351647
1815.0	3.1648351648351647
1816.0	3.1648351648351647
1817.0	3.1648351648351647
1818.0	3.158469945355191
1819.0	3.158469945355191
1820.0	3.158469945355191
1821.0	3.158469945355191
1822.0	3.157608695652174
1823.0	3.157608695652174
1824.0	3.157608695652174
1825.0	3.157608695652174
1826.0	3.157608695652174
1827.0	3.1621621621621623
1828.0	3.1621621621621623
1829.0	3.1621621621621623
1830.0	3.1621621621621623
1831.0	3.1621621621621623
1832.0	3.1621621621621623
1833.0	3.1621621621621623
1834.0	3.1621621621621623
1835.0	3.1621621621621623
1836.0	3.1621621621621623
1837.0	3.1621621621621623
1838.0	3.1621621621621623
1839.0	3.1621621621621623
1840.0	3.1621621621621623
1841.0	3.1621621621621623
1842.0	3.1621621621621623
1843.0	3.1621621621621623
1844.0	3.1621621621621623
1845.0	3.1621621621621623
1846.0	3.1621621621621623
1847.0	3.161290322580645
1848.0	3.161290322580645
1849.0	3.161290322580645
1850.0	3.161290322580645
1851.0	3.161290322580645
1852.0	3.160427807486631
1853.0	3.160427807486631
1854.0	3.160427807486631
1855.0	3.160427807486631
1856.0	3.160427807486631
1857.0	3.160427807486631
1858.0	3.160427807486631
1859.0	3.160427807486631
1860.0	3.160427807486631
1861.0	3.160427807486631
1862.0	3.160427807486631
1863.0	3.160427807486631
1864.0	3.160427807486631
1865.0	3.160427807486631
1866.0	3.160427807486631
1867.0	3.160427807486631
1868.0	3.160427807486631
1869.0	3.160427807486631
1870.0	3.160427807486631
1871.0	3.160427807486631
1872.0	3.1648936170212765
1873.0	3.1648936170212765
1874.0	3.1648936170212765
1875.0	3.1648936170212765
1876.0	3.1693121693121693
1877.0	3.1693121693121693
1878.0	3.1693121693121693
1879.0	3.1693121693121693
1880.0	3.1693121693121693
1881.0	3.1693121693121693
1882.0	3.1693121693121693
1883.0	3.1693121693121693
1884.0	3.1693121693121693
1885.0	3.1693121693121693
1886.0	3.1693121693121693
1887.0	3.168421052631579
1888.0	3.168421052631579
1889.0	3.168421052631579
1890.0	3.168421052631579
1891.0	3.167539267015707
1892.0	3.167539267015707
1893.0	3.167539267015707
1894.0	3.167539267015707
1895.0	3.167539267015707
1896.0	3.167539267015707
1897.0	3.167539267015707
1898.0	3.167539267015707
1899.0	3.167539267015707
1900.0	3.167539267015707
1901.0	3.167539267015707
1902.0	3.167539267015707
1903.0	3.167539267015707
1904.0	3.167539267015707
1905.0	3.167539267015707
1906.0	3.167539267015707
1907.0	3.167539267015707
1908.0	3.167539267015707
1909.0	3.167539267015707
1910.0	3.167539267015707
1911.0	3.167539267015707
1912.0	3.167539267015707
1913.0	3.167539267015707
1914.0	3.167539267015707
1915.0	3.167539267015707
1916.0	3.167539267015707
1917.0	3.167539267015707
1918.0	3.167539267015707
1919.0	3.167539267015707
1920.0	3.167539267015707
1921.0	3.167539267015707
1922.0	3.167539267015707
1923.0	3.167539267015707
1924.0	3.167539267015707
1925.0	3.171875
1926.0	3.171875
