0.0	NaN
1.0	5.0
2.0	5.0
3.0	5.0
4.0	5.0
5.0	5.0
6.0	5.0
7.0	5.0
8.0	5.0
9.0	5.0
10.0	5.0
11.0	5.0
12.0	5.0
13.0	5.0
14.0	5.0
15.0	5.0
16.0	5.0
17.0	5.0
18.0	5.0
19.0	5.0
20.0	5.0
21.0	5.0
22.0	5.0
23.0	5.0
24.0	5.0
25.0	5.0
26.0	5.0
27.0	5.0
28.0	5.0
29.0	5.0
30.0	5.0
31.0	5.0
32.0	5.0
33.0	5.0
34.0	5.0
35.0	5.0
36.0	5.0
37.0	5.0
38.0	5.0
39.0	5.0
40.0	5.0
41.0	5.0
42.0	5.0
43.0	5.0
44.0	5.0
45.0	5.0
46.0	5.0
47.0	5.0
48.0	4.848484848484849
49.0	4.794117647058823
50.0	4.771428571428571
51.0	4.694444444444445
52.0	4.694444444444445
53.0	4.594594594594595
54.0	4.578947368421052
55.0	4.578947368421052
56.0	4.578947368421052
57.0	4.538461538461538
58.0	4.5
59.0	4.463414634146342
60.0	4.428571428571429
61.0	4.372093023255814
62.0	4.318181818181818
63.0	4.288888888888889
64.0	4.260869565217392
65.0	4.25531914893617
66.0	4.25531914893617
67.0	4.229166666666667
68.0	4.163265306122449
69.0	4.14
70.0	4.098039215686274
71.0	4.098039215686274
72.0	4.038461538461538
73.0	4.0
74.0	3.9814814814814814
75.0	3.963636363636364
76.0	3.9285714285714284
77.0	3.912280701754386
78.0	3.8793103448275863
79.0	3.8793103448275863
80.0	3.864406779661017
81.0	3.85
82.0	3.85
83.0	3.80327868852459
84.0	3.806451612903226
85.0	3.806451612903226
86.0	3.7936507936507935
87.0	3.75
88.0	3.707692307692308
89.0	3.696969696969697
90.0	3.701492537313433
91.0	3.6470588235294117
92.0	3.6470588235294117
93.0	3.608695652173913
94.0	3.608695652173913
95.0	3.608695652173913
96.0	3.6142857142857143
97.0	3.5774647887323945
98.0	3.5694444444444446
99.0	3.5694444444444446
100.0	3.5616438356164384
101.0	3.5405405405405403
102.0	3.5405405405405403
103.0	3.5405405405405403
104.0	3.52
105.0	3.52
106.0	3.52
107.0	3.52
108.0	3.513157894736842
109.0	3.4805194805194803
110.0	3.448717948717949
111.0	3.448717948717949
112.0	3.4556962025316458
113.0	3.4375
114.0	3.4444444444444446
115.0	3.4390243902439024
116.0	3.4390243902439024
117.0	3.4216867469879517
118.0	3.4216867469879517
119.0	3.4216867469879517
120.0	3.4047619047619047
121.0	3.411764705882353
122.0	3.4302325581395348
123.0	3.4367816091954024
124.0	3.4431818181818183
125.0	3.4431818181818183
126.0	3.438202247191011
127.0	3.422222222222222
128.0	3.422222222222222
129.0	3.4175824175824174
130.0	3.391304347826087
131.0	3.391304347826087
132.0	3.3655913978494625
133.0	3.3617021276595747
134.0	3.357894736842105
135.0	3.34375
136.0	3.3402061855670104
137.0	3.3469387755102042
138.0	3.3434343434343434
139.0	3.3434343434343434
140.0	3.31
141.0	3.3069306930693068
142.0	3.3069306930693068
143.0	3.3069306930693068
144.0	3.284313725490196
145.0	3.284313725490196
146.0	3.262135922330097
147.0	3.25
148.0	3.257142857142857
149.0	3.2452830188679247
150.0	3.2452830188679247
151.0	3.2452830188679247
152.0	3.2523364485981308
153.0	3.25
154.0	3.229357798165138
155.0	3.229357798165138
156.0	3.2
157.0	3.1981981981981984
158.0	3.205357142857143
159.0	3.2035398230088497
160.0	3.2017543859649122
161.0	3.2017543859649122
162.0	3.1913043478260867
163.0	3.1982758620689653
164.0	3.1794871794871793
165.0	3.1864406779661016
166.0	3.1864406779661016
167.0	3.176470588235294
168.0	3.15
169.0	3.1404958677685952
170.0	3.1404958677685952
171.0	3.1311475409836067
172.0	3.138211382113821
173.0	3.120967741935484
174.0	3.128
175.0	3.128
176.0	3.128
177.0	3.126984126984127
178.0	3.125984251968504
179.0	3.125984251968504
180.0	3.125984251968504
181.0	3.125984251968504
182.0	3.109375
183.0	3.0930232558139537
184.0	3.1
185.0	3.0916030534351147
186.0	3.0984848484848486
187.0	3.0977443609022557
188.0	3.0977443609022557
189.0	3.0970149253731343
190.0	3.0814814814814815
191.0	3.0808823529411766
192.0	3.0802919708029197
193.0	3.0802919708029197
194.0	3.0802919708029197
195.0	3.0802919708029197
196.0	3.079710144927536
197.0	3.064748201438849
198.0	3.057142857142857
199.0	3.057142857142857
200.0	3.057142857142857
201.0	3.049645390070922
202.0	3.028169014084507
203.0	3.028169014084507
204.0	3.020979020979021
205.0	3.013888888888889
206.0	3.013888888888889
207.0	3.0068965517241377
208.0	3.006849315068493
209.0	2.993197278911565
210.0	2.97972972972973
211.0	2.9798657718120807
212.0	2.98
213.0	2.980132450331126
214.0	2.9671052631578947
215.0	2.9673202614379086
216.0	2.961038961038961
217.0	2.961038961038961
218.0	2.967741935483871
219.0	2.948717948717949
220.0	2.948717948717949
221.0	2.948717948717949
222.0	2.9363057324840764
223.0	2.9430379746835444
224.0	2.943396226415094
225.0	2.94375
226.0	2.94375
227.0	2.94375
228.0	2.9440993788819876
229.0	2.9440993788819876
230.0	2.932098765432099
231.0	2.932098765432099
232.0	2.914110429447853
233.0	2.9207317073170733
234.0	2.9212121212121214
235.0	2.9036144578313254
236.0	2.8982035928143715
237.0	2.8982035928143715
238.0	2.8982035928143715
239.0	2.892857142857143
240.0	2.8875739644970415
241.0	2.876470588235294
242.0	2.865497076023392
243.0	2.865497076023392
244.0	2.854651162790698
245.0	2.854651162790698
246.0	2.854651162790698
247.0	2.8497109826589595
248.0	2.8448275862068964
249.0	2.8457142857142856
250.0	2.8457142857142856
251.0	2.852272727272727
252.0	2.852272727272727
253.0	2.852272727272727
254.0	2.853107344632768
255.0	2.848314606741573
256.0	2.8547486033519553
257.0	2.838888888888889
258.0	2.838888888888889
259.0	2.838888888888889
260.0	2.839779005524862
261.0	2.840659340659341
262.0	2.841530054644809
263.0	2.847826086956522
264.0	2.843243243243243
265.0	2.8440860215053765
266.0	2.8440860215053765
267.0	2.8440860215053765
268.0	2.8449197860962565
269.0	2.8449197860962565
270.0	2.8404255319148937
271.0	2.8253968253968256
272.0	2.8210526315789473
273.0	2.8210526315789473
274.0	2.8210526315789473
275.0	2.8210526315789473
276.0	2.816753926701571
277.0	2.8125
278.0	2.8125
279.0	2.7979274611398965
280.0	2.7938144329896906
281.0	2.7938144329896906
282.0	2.7938144329896906
283.0	2.7948717948717947
284.0	2.7806122448979593
285.0	2.786802030456853
286.0	2.787878787878788
287.0	2.7889447236180906
288.0	2.79
289.0	2.79
290.0	2.791044776119403
291.0	2.792079207920792
292.0	2.793103448275862
293.0	2.793103448275862
294.0	2.7941176470588234
295.0	2.7804878048780486
296.0	2.7718446601941746
297.0	2.7718446601941746
298.0	2.7681159420289854
299.0	2.769230769230769
300.0	2.769230769230769
301.0	2.77511961722488
302.0	2.7714285714285714
303.0	2.7772511848341233
304.0	2.7772511848341233
305.0	2.7735849056603774
306.0	2.7746478873239435
307.0	2.7803738317757007
308.0	2.7767441860465114
309.0	2.7767441860465114
310.0	2.7767441860465114
311.0	2.7777777777777777
312.0	2.774193548387097
313.0	2.7752293577981653
314.0	2.780821917808219
315.0	2.772727272727273
316.0	2.773755656108597
317.0	2.773755656108597
318.0	2.774774774774775
319.0	2.7623318385650224
320.0	2.7589285714285716
321.0	2.7511111111111113
322.0	2.747787610619469
323.0	2.747787610619469
324.0	2.7444933920704844
325.0	2.75
326.0	2.7554585152838427
327.0	2.756521739130435
328.0	2.7532467532467533
329.0	2.75
330.0	2.7510729613733904
331.0	2.7510729613733904
332.0	2.7435897435897436
333.0	2.74468085106383
334.0	2.7415254237288136
335.0	2.7468354430379747
336.0	2.7563025210084033
337.0	2.7531380753138075
338.0	2.745833333333333
339.0	2.745833333333333
340.0	2.7427385892116183
341.0	2.7427385892116183
342.0	2.7427385892116183
343.0	2.7427385892116183
344.0	2.7355371900826446
345.0	2.7355371900826446
346.0	2.7242798353909463
347.0	2.721311475409836
348.0	2.7183673469387757
349.0	2.7183673469387757
350.0	2.7235772357723578
351.0	2.7287449392712553
352.0	2.725806451612903
353.0	2.725806451612903
354.0	2.7309236947791167
355.0	2.732
356.0	2.732
357.0	2.732
358.0	2.733067729083665
359.0	2.7301587301587302
360.0	2.731225296442688
361.0	2.731225296442688
362.0	2.732283464566929
363.0	2.7372549019607844
364.0	2.73828125
365.0	2.735408560311284
366.0	2.7325581395348837
367.0	2.7374517374517375
368.0	2.7423076923076923
369.0	2.735632183908046
370.0	2.736641221374046
371.0	2.7300380228136882
372.0	2.7300380228136882
373.0	2.731060606060606
374.0	2.731060606060606
375.0	2.728301886792453
376.0	2.7218045112781954
377.0	2.715355805243446
378.0	2.712686567164179
379.0	2.717472118959108
380.0	2.717472118959108
381.0	2.7185185185185183
382.0	2.7185185185185183
383.0	2.7185185185185183
384.0	2.7185185185185183
385.0	2.7195571955719555
386.0	2.7169117647058822
387.0	2.717948717948718
388.0	2.717948717948718
389.0	2.717948717948718
390.0	2.717948717948718
391.0	2.7153284671532845
392.0	2.7153284671532845
393.0	2.72
394.0	2.717391304347826
395.0	2.711191335740072
396.0	2.70863309352518
397.0	2.7096774193548385
398.0	2.7096774193548385
399.0	2.7096774193548385
400.0	2.7096774193548385
401.0	2.7096774193548385
402.0	2.7096774193548385
403.0	2.7096774193548385
404.0	2.7
405.0	2.704626334519573
406.0	2.698581560283688
407.0	2.6925795053003534
408.0	2.6925795053003534
409.0	2.693661971830986
410.0	2.687719298245614
411.0	2.6888111888111887
412.0	2.6898954703832754
413.0	2.6944444444444446
414.0	2.688581314878893
415.0	2.682758620689655
416.0	2.676975945017182
417.0	2.6746575342465753
418.0	2.6746575342465753
419.0	2.6746575342465753
420.0	2.6746575342465753
421.0	2.6746575342465753
422.0	2.6746575342465753
423.0	2.6791808873720138
424.0	2.683673469387755
425.0	2.688135593220339
426.0	2.6925675675675675
427.0	2.6925675675675675
428.0	2.6925675675675675
429.0	2.6936026936026938
430.0	2.6936026936026938
431.0	2.6946308724832213
432.0	2.6923076923076925
433.0	2.69
434.0	2.6877076411960132
435.0	2.685430463576159
436.0	2.685430463576159
437.0	2.6765676567656764
438.0	2.674342105263158
439.0	2.674342105263158
440.0	2.6655737704918034
441.0	2.6601307189542482
442.0	2.6612377850162865
443.0	2.655844155844156
444.0	2.6537216828478964
445.0	2.6580645161290324
446.0	2.6580645161290324
447.0	2.652733118971061
448.0	2.6474358974358974
449.0	2.6453674121405752
450.0	2.6453674121405752
451.0	2.643312101910828
452.0	2.638095238095238
453.0	2.638095238095238
454.0	2.638095238095238
455.0	2.638095238095238
456.0	2.642405063291139
457.0	2.642405063291139
458.0	2.642405063291139
459.0	2.6466876971608833
460.0	2.641509433962264
461.0	2.64576802507837
462.0	2.64375
463.0	2.64375
464.0	2.641744548286604
465.0	2.6366459627329193
466.0	2.6366459627329193
467.0	2.6366459627329193
468.0	2.6366459627329193
469.0	2.6366459627329193
470.0	2.637770897832817
471.0	2.638888888888889
472.0	2.64
473.0	2.6349693251533743
474.0	2.63302752293578
475.0	2.6341463414634148
476.0	2.6341463414634148
477.0	2.6322188449848025
478.0	2.6322188449848025
479.0	2.6322188449848025
480.0	2.6322188449848025
481.0	2.6303030303030304
482.0	2.6283987915407856
483.0	2.6234939759036147
484.0	2.6234939759036147
485.0	2.6234939759036147
486.0	2.6186186186186187
487.0	2.6167664670658684
488.0	2.617910447761194
489.0	2.617910447761194
490.0	2.6160714285714284
491.0	2.6112759643916914
492.0	2.6153846153846154
493.0	2.607669616519174
494.0	2.607669616519174
495.0	2.6058823529411765
496.0	2.6058823529411765
497.0	2.6058823529411765
498.0	2.6070381231671553
499.0	2.608187134502924
500.0	2.608187134502924
501.0	2.60932944606414
502.0	2.60932944606414
503.0	2.61046511627907
504.0	2.6115942028985506
505.0	2.6098265895953756
506.0	2.602305475504323
507.0	2.6063218390804597
508.0	2.6074498567335245
509.0	2.605714285714286
510.0	2.6039886039886038
511.0	2.6039886039886038
512.0	2.602272727272727
513.0	2.602272727272727
514.0	2.6005665722379603
515.0	2.6045197740112993
516.0	2.6
517.0	2.601123595505618
518.0	2.6050420168067228
519.0	2.6033519553072626
520.0	2.6033519553072626
521.0	2.598885793871866
522.0	2.598885793871866
523.0	2.5972222222222223
524.0	2.595567867036011
525.0	2.5939226519337018
526.0	2.5922865013774103
527.0	2.5922865013774103
528.0	2.5851648351648353
529.0	2.5835616438356164
530.0	2.579234972677596
531.0	2.5803814713896456
532.0	2.5815217391304346
533.0	2.5826558265582658
534.0	2.581081081081081
535.0	2.579514824797844
536.0	2.5806451612903225
537.0	2.579088471849866
538.0	2.5802139037433154
539.0	2.578666666666667
540.0	2.578666666666667
541.0	2.5824468085106385
542.0	2.583554376657825
543.0	2.5793650793650795
544.0	2.5804749340369395
545.0	2.5763157894736843
546.0	2.58005249343832
547.0	2.5837696335078535
548.0	2.5837696335078535
549.0	2.5822454308093996
550.0	2.5822454308093996
551.0	2.5807291666666665
552.0	2.5792207792207793
553.0	2.5803108808290154
554.0	2.5788113695090438
555.0	2.577319587628866
556.0	2.577319587628866
557.0	2.5809768637532136
558.0	2.582051282051282
559.0	2.580562659846547
560.0	2.5841836734693877
561.0	2.5852417302798982
562.0	2.5862944162436547
563.0	2.5862944162436547
564.0	2.5862944162436547
565.0	2.5873417721518988
566.0	2.5873417721518988
567.0	2.5883838383838382
568.0	2.5869017632241813
569.0	2.5869017632241813
570.0	2.5829145728643215
571.0	2.5829145728643215
572.0	2.5829145728643215
573.0	2.5839598997493733
574.0	2.5825
575.0	2.5860349127182043
576.0	2.584577114427861
577.0	2.5856079404466503
578.0	2.5856079404466503
579.0	2.5866336633663365
580.0	2.5866336633663365
581.0	2.582716049382716
582.0	2.58128078817734
583.0	2.57985257985258
584.0	2.5808823529411766
585.0	2.5819070904645476
586.0	2.5829268292682928
587.0	2.5839416058394162
588.0	2.5839416058394162
589.0	2.587378640776699
590.0	2.585956416464891
591.0	2.5845410628019323
592.0	2.580722891566265
593.0	2.579326923076923
594.0	2.579326923076923
595.0	2.579326923076923
596.0	2.579326923076923
597.0	2.580335731414868
598.0	2.583732057416268
599.0	2.5823389021479715
600.0	2.5823389021479715
601.0	2.580952380952381
602.0	2.5771971496437054
603.0	2.5781990521327014
604.0	2.5815602836879434
605.0	2.577830188679245
606.0	2.5764705882352943
607.0	2.5764705882352943
608.0	2.575117370892019
609.0	2.576112412177986
610.0	2.574766355140187
611.0	2.5757575757575757
612.0	2.5757575757575757
613.0	2.5767441860465117
614.0	2.5754060324825985
615.0	2.571759259259259
616.0	2.571759259259259
617.0	2.5704387990762125
618.0	2.5714285714285716
619.0	2.5724137931034483
620.0	2.5724137931034483
621.0	2.5711009174311927
622.0	2.5711009174311927
623.0	2.5697940503432495
624.0	2.5707762557077625
625.0	2.5707762557077625
626.0	2.569476082004556
627.0	2.565909090909091
628.0	2.565909090909091
629.0	2.564625850340136
630.0	2.563348416289593
631.0	2.563348416289593
632.0	2.564334085778781
633.0	2.5675675675675675
634.0	2.5675675675675675
635.0	2.5685393258426967
636.0	2.5672645739910314
637.0	2.5672645739910314
638.0	2.5659955257270695
639.0	2.5691964285714284
640.0	2.5657015590200447
641.0	2.5657015590200447
642.0	2.562222222222222
643.0	2.562222222222222
644.0	2.5609756097560976
645.0	2.559734513274336
646.0	2.559734513274336
647.0	2.559734513274336
648.0	2.5607064017660046
649.0	2.5616740088105727
650.0	2.558241758241758
651.0	2.5592105263157894
652.0	2.5592105263157894
653.0	2.5592105263157894
654.0	2.5579868708971554
655.0	2.556768558951965
656.0	2.5577342047930283
657.0	2.5565217391304347
658.0	2.5531453362255965
659.0	2.5531453362255965
660.0	2.5531453362255965
661.0	2.5562770562770565
662.0	2.5562770562770565
663.0	2.5562770562770565
664.0	2.5572354211663066
665.0	2.560344827586207
666.0	2.5591397849462365
667.0	2.5622317596566524
668.0	2.5622317596566524
669.0	2.5622317596566524
670.0	2.565310492505353
671.0	2.5641025641025643
672.0	2.5641025641025643
673.0	2.5607675906183367
674.0	2.5595744680851062
675.0	2.5583864118895967
676.0	2.5614406779661016
677.0	2.558139534883721
678.0	2.558139534883721
679.0	2.5569620253164556
680.0	2.5569620253164556
681.0	2.5557894736842104
682.0	2.5557894736842104
683.0	2.5588235294117645
684.0	2.5534591194968552
685.0	2.5534591194968552
686.0	2.5534591194968552
687.0	2.5543933054393304
688.0	2.5532359081419624
689.0	2.5532359081419624
690.0	2.5532359081419624
691.0	2.5520833333333335
692.0	2.550935550935551
693.0	2.5518672199170123
694.0	2.550724637681159
695.0	2.5516528925619837
696.0	2.5516528925619837
697.0	2.5505154639175256
698.0	2.549382716049383
699.0	2.549382716049383
700.0	2.5482546201232035
701.0	2.5482546201232035
702.0	2.5512295081967213
703.0	2.5512295081967213
704.0	2.5480572597137012
705.0	2.546938775510204
706.0	2.54989816700611
707.0	2.5528455284552845
708.0	2.5528455284552845
709.0	2.5528455284552845
710.0	2.5537525354969572
711.0	2.5566801619433197
712.0	2.5575757575757576
713.0	2.558467741935484
714.0	2.557344064386318
715.0	2.5522088353413657
716.0	2.5522088353413657
717.0	2.5511022044088176
718.0	2.552
719.0	2.5508982035928143
720.0	2.5508982035928143
721.0	2.547808764940239
722.0	2.548707753479125
723.0	2.548707753479125
724.0	2.5476190476190474
725.0	2.5504950495049505
726.0	2.5513833992094863
727.0	2.554240631163708
728.0	2.554240631163708
729.0	2.554240631163708
730.0	2.5551181102362204
731.0	2.550098231827112
732.0	2.5470588235294116
733.0	2.5470588235294116
734.0	2.5459882583170255
735.0	2.541015625
736.0	2.5419103313840155
737.0	2.5389105058365757
738.0	2.5398058252427185
739.0	2.5387596899224807
740.0	2.5377176015473886
741.0	2.5386100386100385
742.0	2.535645472061657
743.0	2.5365384615384614
744.0	2.5374280230326294
745.0	2.5383141762452106
746.0	2.541108986615679
747.0	2.541108986615679
748.0	2.5400763358778624
749.0	2.540952380952381
750.0	2.540952380952381
751.0	2.541825095057034
752.0	2.538899430740038
753.0	2.539772727272727
754.0	2.539772727272727
755.0	2.539772727272727
756.0	2.539772727272727
757.0	2.536862003780718
758.0	2.5377358490566038
759.0	2.5386064030131825
760.0	2.537593984962406
761.0	2.5365853658536586
762.0	2.5355805243445695
763.0	2.5345794392523366
764.0	2.537313432835821
765.0	2.536312849162011
766.0	2.537174721189591
767.0	2.537174721189591
768.0	2.538033395176252
769.0	2.537037037037037
770.0	2.536044362292052
771.0	2.536044362292052
772.0	2.5350553505535056
773.0	2.5350553505535056
774.0	2.5350553505535056
775.0	2.5350553505535056
776.0	2.5350553505535056
777.0	2.534069981583794
778.0	2.536764705882353
779.0	2.5339449541284402
780.0	2.532967032967033
781.0	2.5283363802559413
782.0	2.5273722627737225
783.0	2.5273722627737225
784.0	2.530054644808743
785.0	2.530054644808743
786.0	2.5327272727272727
787.0	2.5335753176043556
788.0	2.532608695652174
789.0	2.5316455696202533
790.0	2.5316455696202533
791.0	2.532490974729242
792.0	2.532490974729242
793.0	2.533333333333333
794.0	2.5341726618705036
795.0	2.5368043087971275
796.0	2.539426523297491
797.0	2.539426523297491
798.0	2.5384615384615383
799.0	2.5384615384615383
800.0	2.5357142857142856
801.0	2.5357142857142856
802.0	2.536541889483066
803.0	2.536541889483066
804.0	2.5320284697508897
805.0	2.5346358792184724
806.0	2.5354609929078014
807.0	2.534513274336283
808.0	2.534513274336283
809.0	2.534513274336283
810.0	2.534513274336283
811.0	2.530035335689046
812.0	2.5291005291005293
813.0	2.5291005291005293
814.0	2.528169014084507
815.0	2.528169014084507
816.0	2.5272407732864677
817.0	2.526315789473684
818.0	2.526315789473684
819.0	2.5271453590192645
820.0	2.527972027972028
821.0	2.527972027972028
822.0	2.527972027972028
823.0	2.527972027972028
824.0	2.525305410122164
825.0	2.5261324041811846
826.0	2.5261324041811846
827.0	2.528695652173913
828.0	2.5277777777777777
829.0	2.5285961871750433
830.0	2.5259515570934257
831.0	2.5267702936096716
832.0	2.5224137931034485
833.0	2.5197934595524956
834.0	2.52233676975945
835.0	2.521440823327616
836.0	2.5205479452054793
837.0	2.517948717948718
838.0	2.5187713310580206
839.0	2.5195911413969334
840.0	2.5195911413969334
841.0	2.5195911413969334
842.0	2.520408163265306
843.0	2.519524617996604
844.0	2.519524617996604
845.0	2.522033898305085
846.0	2.522033898305085
847.0	2.524534686971235
848.0	2.5219594594594597
849.0	2.5227655986509276
850.0	2.5235690235690234
851.0	2.5210084033613445
852.0	2.521812080536913
853.0	2.5209380234505865
854.0	2.5209380234505865
855.0	2.5234113712374584
856.0	2.5258764607679467
857.0	2.525
858.0	2.525
859.0	2.524126455906822
860.0	2.521594684385382
861.0	2.5190713101160864
862.0	2.5190713101160864
863.0	2.519867549668874
864.0	2.519867549668874
865.0	2.519867549668874
866.0	2.519867549668874
867.0	2.520661157024793
868.0	2.520661157024793
869.0	2.5231023102310233
870.0	2.5231023102310233
871.0	2.5238879736408566
872.0	2.5197368421052633
873.0	2.5205254515599345
874.0	2.5213114754098362
875.0	2.523731587561375
876.0	2.523731587561375
877.0	2.5212418300653594
878.0	2.5212418300653594
879.0	2.5203915171288744
880.0	2.519543973941368
881.0	2.519543973941368
882.0	2.519543973941368
883.0	2.5203252032520327
884.0	2.517857142857143
885.0	2.5186385737439223
886.0	2.5186385737439223
887.0	2.5194174757281553
888.0	2.5194174757281553
889.0	2.516962843295638
890.0	2.5193548387096776
891.0	2.5193548387096776
892.0	2.5193548387096776
893.0	2.5185185185185186
894.0	2.5209003215434085
895.0	2.521669341894061
896.0	2.5176282051282053
897.0	2.52
898.0	2.52
899.0	2.52
900.0	2.52
901.0	2.522364217252396
902.0	2.522364217252396
903.0	2.521531100478469
904.0	2.5238853503184715
905.0	2.5238853503184715
906.0	2.5246422893481717
907.0	2.5253968253968253
908.0	2.526148969889065
909.0	2.5237341772151898
910.0	2.522906793048973
911.0	2.5236593059936907
912.0	2.5228346456692914
913.0	2.5251572327044025
914.0	2.52276295133438
915.0	2.520376175548589
916.0	2.519561815336463
917.0	2.519561815336463
918.0	2.5203125
919.0	2.5210608424336973
920.0	2.5233644859813085
921.0	2.5241057542768273
922.0	2.5241057542768273
923.0	2.5248447204968945
924.0	2.525581395348837
925.0	2.527863777089783
926.0	2.527863777089783
927.0	2.527047913446677
928.0	2.527047913446677
929.0	2.527047913446677
930.0	2.527047913446677
931.0	2.5246913580246915
932.0	2.5246913580246915
933.0	2.5238828967642526
934.0	2.5246153846153847
935.0	2.5268817204301075
936.0	2.5291411042944785
937.0	2.529862174578867
938.0	2.5275229357798166
939.0	2.5267175572519083
940.0	2.5228658536585367
941.0	2.5228658536585367
942.0	2.5220700152207
943.0	2.522796352583587
944.0	2.522796352583587
945.0	2.5235204855842186
946.0	2.5235204855842186
947.0	2.525757575757576
948.0	2.527987897125567
949.0	2.527987897125567
950.0	2.527987897125567
951.0	2.528700906344411
952.0	2.5294117647058822
953.0	2.5294117647058822
954.0	2.5294117647058822
955.0	2.5301204819277108
956.0	2.5278195488721806
957.0	2.5285285285285286
958.0	2.5285285285285286
959.0	2.524737631184408
960.0	2.5209580838323356
961.0	2.521674140508221
962.0	2.52089552238806
963.0	2.52089552238806
964.0	2.518628912071535
965.0	2.519345238095238
966.0	2.5185735512630014
967.0	2.5185735512630014
968.0	2.5178041543026706
969.0	2.5185185185185186
970.0	2.5177514792899407
971.0	2.51698670605613
972.0	2.5147492625368733
973.0	2.5169366715758468
974.0	2.5191176470588235
975.0	2.518355359765051
976.0	2.518355359765051
977.0	2.5190615835777126
978.0	2.5190615835777126
979.0	2.5212298682284042
980.0	2.52046783625731
981.0	2.5182481751824817
982.0	2.5189504373177845
983.0	2.5189504373177845
984.0	2.5189504373177845
985.0	2.519650655021834
986.0	2.5188953488372094
987.0	2.516690856313498
988.0	2.5159420289855072
989.0	2.5159420289855072
990.0	2.5151953690303905
991.0	2.5115606936416186
992.0	2.5122655122655124
993.0	2.5122655122655124
994.0	2.511527377521614
995.0	2.512230215827338
996.0	2.5114942528735633
997.0	2.509325681492109
998.0	2.510028653295129
999.0	2.5107296137339055
1000.0	2.507142857142857
1001.0	2.507142857142857
1002.0	2.5092724679029956
1003.0	2.505698005698006
1004.0	2.505698005698006
1005.0	2.5064011379800855
1006.0	2.5064011379800855
1007.0	2.5056818181818183
1008.0	2.5056818181818183
1009.0	2.5056818181818183
1010.0	2.5056818181818183
1011.0	2.5078014184397164
1012.0	2.507082152974504
1013.0	2.5077793493635077
1014.0	2.5098870056497176
1015.0	2.5098870056497176
1016.0	2.5105782792665727
1017.0	2.5098591549295777
1018.0	2.5105485232067513
1019.0	2.509831460674157
1020.0	2.509831460674157
1021.0	2.5105189340813463
1022.0	2.5098039215686274
1023.0	2.511888111888112
1024.0	2.5125698324022347
1025.0	2.5125698324022347
1026.0	2.513249651324965
1027.0	2.513927576601671
1028.0	2.513927576601671
1029.0	2.513927576601671
1030.0	2.513927576601671
1031.0	2.5146036161335186
1032.0	2.511111111111111
1033.0	2.5117891816920945
1034.0	2.509695290858726
1035.0	2.508990318118949
1036.0	2.5096685082872927
1037.0	2.5096685082872927
1038.0	2.5117241379310347
1039.0	2.5117241379310347
1040.0	2.5110192837465566
1041.0	2.5116918844566714
1042.0	2.5137362637362637
1043.0	2.5137362637362637
1044.0	2.5137362637362637
1045.0	2.51440329218107
1046.0	2.5136986301369864
1047.0	2.511627906976744
1048.0	2.510928961748634
1049.0	2.510928961748634
1050.0	2.510231923601637
1051.0	2.508174386920981
1052.0	2.507482993197279
1053.0	2.5081521739130435
1054.0	2.5074626865671643
1055.0	2.5094850948509486
1056.0	2.5094850948509486
1057.0	2.5094850948509486
1058.0	2.5094850948509486
1059.0	2.5087956698240865
1060.0	2.5087956698240865
1061.0	2.5094594594594595
1062.0	2.508771929824561
1063.0	2.509433962264151
1064.0	2.506056527590848
1065.0	2.504032258064516
1066.0	2.504697986577181
1067.0	2.506702412868633
1068.0	2.504685408299866
1069.0	2.5026737967914436
1070.0	2.5026737967914436
1071.0	2.5026737967914436
1072.0	2.5033377837116153
1073.0	2.504
1074.0	2.5059920106524634
1075.0	2.5066489361702127
1076.0	2.5066489361702127
1077.0	2.50332005312085
1078.0	2.5053050397877983
1079.0	2.504635761589404
1080.0	2.502645502645503
1081.0	2.5046235138705417
1082.0	2.5046235138705417
1083.0	2.5013192612137205
1084.0	2.503293807641634
1085.0	2.5039473684210525
1086.0	2.5032851511169514
1087.0	2.5032851511169514
1088.0	2.5032851511169514
1089.0	2.5039370078740157
1090.0	2.5019659239842724
1091.0	2.5026178010471205
1092.0	2.5019607843137255
1093.0	2.5019607843137255
1094.0	2.5019607843137255
1095.0	2.5019607843137255
1096.0	2.5013054830287205
1097.0	2.500651890482399
1098.0	2.5013020833333335
1099.0	2.5013020833333335
1100.0	2.498049414824447
1101.0	2.496103896103896
1102.0	2.498054474708171
1103.0	2.494818652849741
1104.0	2.494818652849741
1105.0	2.494818652849741
1106.0	2.4928848641655885
1107.0	2.4928848641655885
1108.0	2.4935400516795867
1109.0	2.4929032258064514
1110.0	2.4929032258064514
1111.0	2.4929032258064514
1112.0	2.4929032258064514
1113.0	2.493556701030928
1114.0	2.492921492921493
1115.0	2.494858611825193
1116.0	2.495507060333761
1117.0	2.495507060333761
1118.0	2.496153846153846
1119.0	2.498079385403329
1120.0	2.5
1121.0	2.500638569604087
1122.0	2.500638569604087
1123.0	2.5
1124.0	2.4980891719745224
1125.0	2.4987277353689565
1126.0	2.500635324015248
1127.0	2.498730964467005
1128.0	2.50063371356147
1129.0	2.50063371356147
1130.0	2.49873417721519
1131.0	2.49873417721519
1132.0	2.49873417721519
1133.0	2.4968394437420987
1134.0	2.496212121212121
1135.0	2.4943253467843634
1136.0	2.4924433249370277
1137.0	2.4924433249370277
1138.0	2.493081761006289
1139.0	2.493081761006289
1140.0	2.4949748743718594
1141.0	2.4949748743718594
1142.0	2.493099121706399
1143.0	2.493099121706399
1144.0	2.489974937343358
1145.0	2.490613266583229
1146.0	2.49
1147.0	2.488139825218477
1148.0	2.488139825218477
1149.0	2.488139825218477
1150.0	2.486284289276808
1151.0	2.486284289276808
1152.0	2.4869240348692405
1153.0	2.4838308457711444
1154.0	2.484472049689441
1155.0	2.4851116625310175
1156.0	2.485749690210657
1157.0	2.485148514851485
1158.0	2.485148514851485
1159.0	2.4857849196538937
1160.0	2.4857849196538937
1161.0	2.4857849196538937
1162.0	2.4864197530864196
1163.0	2.4858199753390875
1164.0	2.4876847290640396
1165.0	2.4883148831488313
1166.0	2.4864864864864864
1167.0	2.4864864864864864
1168.0	2.485889570552147
1169.0	2.4877450980392157
1170.0	2.488372093023256
1171.0	2.488372093023256
1172.0	2.488997555012225
1173.0	2.4871794871794872
1174.0	2.4871794871794872
1175.0	2.4890243902439027
1176.0	2.4890243902439027
1177.0	2.4884287454323997
1178.0	2.4878345498783454
1179.0	2.488456865127582
1180.0	2.488456865127582
1181.0	2.4902912621359223
1182.0	2.4896969696969697
1183.0	2.4896969696969697
1184.0	2.490314769975787
1185.0	2.4921402660217655
1186.0	2.491545893719807
1187.0	2.491545893719807
1188.0	2.4909529553679133
1189.0	2.491566265060241
1190.0	2.490974729241877
1191.0	2.4891826923076925
1192.0	2.48859543817527
1193.0	2.4904076738609113
1194.0	2.488622754491018
1195.0	2.488038277511962
1196.0	2.4886499402628437
1197.0	2.4892601431980905
1198.0	2.4898688915375446
1199.0	2.4892857142857143
1200.0	2.4892857142857143
1201.0	2.4898929845422115
1202.0	2.486935866983373
1203.0	2.4851720047449586
1204.0	2.484597156398104
1205.0	2.4816568047337277
1206.0	2.479905437352246
1207.0	2.4817001180637543
1208.0	2.482311320754717
1209.0	2.4829210836277973
1210.0	2.4823529411764707
1211.0	2.4841363102232665
1212.0	2.483568075117371
1213.0	2.484173505275498
1214.0	2.484173505275498
1215.0	2.4859484777517564
1216.0	2.4842105263157896
1217.0	2.4848130841121496
1218.0	2.4848130841121496
1219.0	2.483080513418903
1220.0	2.483682983682984
1221.0	2.4854481955762515
1222.0	2.4848837209302324
1223.0	2.483159117305459
1224.0	2.48491879350348
1225.0	2.4831981460023176
1226.0	2.4831981460023176
1227.0	2.482638888888889
1228.0	2.479768786127168
1229.0	2.479768786127168
1230.0	2.479768786127168
1231.0	2.479214780600462
1232.0	2.478662053056517
1233.0	2.478110599078341
1234.0	2.478711162255466
1235.0	2.4793103448275864
1236.0	2.4822043628013777
1237.0	2.4827981651376145
1238.0	2.4827981651376145
1239.0	2.4810996563573884
1240.0	2.4782608695652173
1241.0	2.4777142857142858
1242.0	2.4777142857142858
1243.0	2.478310502283105
1244.0	2.478310502283105
1245.0	2.4789053591790196
1246.0	2.479498861047836
1247.0	2.477815699658703
1248.0	2.477272727272727
1249.0	2.4778660612939842
1250.0	2.4784580498866213
1251.0	2.4784580498866213
1252.0	2.479048697621744
1253.0	2.478506787330317
1254.0	2.47909604519774
1255.0	2.47909604519774
1256.0	2.47909604519774
1257.0	2.476297968397291
1258.0	2.476297968397291
1259.0	2.476297968397291
1260.0	2.476297968397291
1261.0	2.476297968397291
1262.0	2.4780157835400227
1263.0	2.4763513513513513
1264.0	2.4763513513513513
1265.0	2.4780652418447695
1266.0	2.479775280898876
1267.0	2.479775280898876
1268.0	2.4814814814814814
1269.0	2.4820627802690582
1270.0	2.4837625979843225
1271.0	2.4832214765100673
1272.0	2.4849162011173185
1273.0	2.482142857142857
1274.0	2.4827201783723525
1275.0	2.4827201783723525
1276.0	2.4827201783723525
1277.0	2.4821826280623607
1278.0	2.4821826280623607
1279.0	2.4821826280623607
1280.0	2.4838709677419355
1281.0	2.4838709677419355
1282.0	2.4838709677419355
1283.0	2.4844444444444442
1284.0	2.486126526082131
1285.0	2.484478935698448
1286.0	2.484478935698448
1287.0	2.486157253599114
1288.0	2.486157253599114
1289.0	2.486157253599114
1290.0	2.4878318584070795
1291.0	2.4883977900552487
1292.0	2.4900662251655628
1293.0	2.4906284454244765
1294.0	2.4911894273127753
1295.0	2.492849284928493
1296.0	2.4923076923076923
1297.0	2.4923076923076923
1298.0	2.4923076923076923
1299.0	2.491767288693743
1300.0	2.491228070175439
1301.0	2.492880613362541
1302.0	2.492880613362541
1303.0	2.4923413566739607
1304.0	2.4939890710382513
1305.0	2.495633187772926
1306.0	2.4972737186477643
1307.0	2.497821350762527
1308.0	2.496191512513602
1309.0	2.496739130434783
1310.0	2.496739130434783
1311.0	2.496199782844734
1312.0	2.4967462039045554
1313.0	2.498374864572048
1314.0	2.497835497835498
1315.0	2.4994594594594592
1316.0	2.4994594594594592
1317.0	2.4994594594594592
1318.0	2.4967602591792657
1319.0	2.4973031283710894
1320.0	2.4973031283710894
1321.0	2.4989224137931036
1322.0	2.5005382131324003
1323.0	2.5005382131324003
1324.0	2.501075268817204
1325.0	2.501075268817204
1326.0	2.501075268817204
1327.0	2.501075268817204
1328.0	2.5005370569280343
1329.0	2.5010729613733904
1330.0	2.5016077170418005
1331.0	2.498929336188437
1332.0	2.498395721925134
1333.0	2.497863247863248
1334.0	2.497331910352188
1335.0	2.49680170575693
1336.0	2.49680170575693
1337.0	2.496272630457934
1338.0	2.496272630457934
1339.0	2.497872340425532
1340.0	2.4973432518597236
1341.0	2.4968152866242037
1342.0	2.4973488865323437
1343.0	2.4989406779661016
1344.0	2.4994708994708996
1345.0	2.4994708994708996
1346.0	2.4978858350951376
1347.0	2.4973600844772967
1348.0	2.49789029535865
1349.0	2.4984193888303476
1350.0	2.497894736842105
1351.0	2.498422712933754
1352.0	2.4989495798319328
1353.0	2.4984260230849946
1354.0	2.5
1355.0	2.500523560209424
1356.0	2.5010460251046025
1357.0	2.5005224660397074
1358.0	2.5
1359.0	2.5
1360.0	2.5
1361.0	2.4984358706986445
1362.0	2.4984358706986445
1363.0	2.495833333333333
1364.0	2.4953173777315296
1365.0	2.492723492723493
1366.0	2.492723492723493
1367.0	2.4922118380062304
1368.0	2.4927385892116183
1369.0	2.4911917098445597
1370.0	2.491718426501035
1371.0	2.4912099276111688
1372.0	2.490702479338843
1373.0	2.490702479338843
1374.0	2.490702479338843
1375.0	2.490702479338843
1376.0	2.4891640866873064
1377.0	2.488659793814433
1378.0	2.488659793814433
1379.0	2.4881565396498457
1380.0	2.4881565396498457
1381.0	2.4876543209876543
1382.0	2.4876543209876543
1383.0	2.4876543209876543
1384.0	2.487153134635149
1385.0	2.487153134635149
1386.0	2.484599589322382
1387.0	2.484599589322382
1388.0	2.483076923076923
1389.0	2.483076923076923
1390.0	2.4825819672131146
1391.0	2.4831115660184238
1392.0	2.4831115660184238
1393.0	2.483640081799591
1394.0	2.4851889683350357
1395.0	2.4857142857142858
1396.0	2.4857142857142858
1397.0	2.485219164118247
1398.0	2.483706720977597
1399.0	2.4842319430315363
1400.0	2.4842319430315363
1401.0	2.481707317073171
1402.0	2.481707317073171
1403.0	2.481707317073171
1404.0	2.4791878172588833
1405.0	2.4791878172588833
1406.0	2.479716024340771
1407.0	2.481256332320162
1408.0	2.479757085020243
1409.0	2.479757085020243
1410.0	2.479757085020243
1411.0	2.480283114256825
1412.0	2.480808080808081
1413.0	2.48234106962664
1414.0	2.48234106962664
1415.0	2.4808467741935485
1416.0	2.4808467741935485
1417.0	2.4793554884189324
1418.0	2.4808853118712273
1419.0	2.4814070351758795
1420.0	2.4819277108433737
1421.0	2.4834503510531594
1422.0	2.4809619238476954
1423.0	2.4814814814814814
1424.0	2.482
1425.0	2.4805194805194803
1426.0	2.4800399201596806
1427.0	2.4795613160518446
1428.0	2.4800796812749004
1429.0	2.4796019900497512
1430.0	2.478131212723658
1431.0	2.4786494538232375
1432.0	2.4786494538232375
1433.0	2.4791666666666665
1434.0	2.4777006937561943
1435.0	2.477227722772277
1436.0	2.4757665677546985
1437.0	2.4733201581027666
1438.0	2.4738400789733466
1439.0	2.4738400789733466
1440.0	2.4743589743589745
1441.0	2.4748768472906404
1442.0	2.4744094488188977
1443.0	2.4749262536873156
1444.0	2.4764243614931236
1445.0	2.4764243614931236
1446.0	2.475956820412169
1447.0	2.477450980392157
1448.0	2.4760039177277178
1449.0	2.475538160469667
1450.0	2.4731182795698925
1451.0	2.47265625
1452.0	2.4702439024390244
1453.0	2.469785575048733
1454.0	2.469328140214216
1455.0	2.469844357976654
1456.0	2.469844357976654
1457.0	2.469844357976654
1458.0	2.469844357976654
1459.0	2.4703595724003886
1460.0	2.4703595724003886
1461.0	2.469902912621359
1462.0	2.4704170708050435
1463.0	2.4689922480620154
1464.0	2.468538238141336
1465.0	2.4690522243713735
1466.0	2.467632850241546
1467.0	2.4662162162162162
1468.0	2.4657666345226614
1469.0	2.4657666345226614
1470.0	2.466281310211946
1471.0	2.4677574590952838
1472.0	2.4663461538461537
1473.0	2.4668587896253604
1474.0	2.4668587896253604
1475.0	2.4668587896253604
1476.0	2.468330134357006
1477.0	2.468330134357006
1478.0	2.468330134357006
1479.0	2.468330134357006
1480.0	2.4688398849472675
1481.0	2.468390804597701
1482.0	2.468390804597701
1483.0	2.468390804597701
1484.0	2.468390804597701
1485.0	2.4698564593301437
1486.0	2.467495219885277
1487.0	2.468958930276982
1488.0	2.4685114503816794
1489.0	2.4685114503816794
1490.0	2.4699714013346044
1491.0	2.4699714013346044
1492.0	2.4685714285714284
1493.0	2.467174119885823
1494.0	2.467174119885823
1495.0	2.467174119885823
1496.0	2.466730038022814
1497.0	2.466730038022814
1498.0	2.466730038022814
1499.0	2.466730038022814
1500.0	2.466286799620133
1501.0	2.4648956356736242
1502.0	2.4654028436018955
1503.0	2.4654028436018955
1504.0	2.465909090909091
1505.0	2.4645222327341534
1506.0	2.4640831758034025
1507.0	2.462700661000944
1508.0	2.462700661000944
1509.0	2.460377358490566
1510.0	2.460885956644675
1511.0	2.4595103578154425
1512.0	2.460018814675447
1513.0	2.4595864661654137
1514.0	2.4591549295774646
1515.0	2.458724202626642
1516.0	2.4601686972820995
1517.0	2.460674157303371
1518.0	2.460243217960711
1519.0	2.460243217960711
1520.0	2.460243217960711
1521.0	2.4616822429906544
1522.0	2.4616822429906544
1523.0	2.46125116713352
1524.0	2.46125116713352
1525.0	2.458955223880597
1526.0	2.458955223880597
1527.0	2.458955223880597
1528.0	2.4594594594594597
1529.0	2.4594594594594597
1530.0	2.4599627560521413
1531.0	2.4599627560521413
1532.0	2.4595348837209303
1533.0	2.4600371747211898
1534.0	2.4596100278551534
1535.0	2.4596100278551534
1536.0	2.4596100278551534
1537.0	2.4591836734693877
1538.0	2.458758109360519
1539.0	2.4574074074074073
1540.0	2.4569842738205367
1541.0	2.457486136783734
1542.0	2.4552169898430285
1543.0	2.4547970479704797
1544.0	2.4543778801843317
1545.0	2.4543778801843317
1546.0	2.4521178637200736
1547.0	2.4521178637200736
1548.0	2.4521178637200736
1549.0	2.4521178637200736
1550.0	2.452621895124195
1551.0	2.453125
1552.0	2.453125
1553.0	2.453125
1554.0	2.4517906336088156
1555.0	2.4517906336088156
1556.0	2.451376146788991
1557.0	2.451376146788991
1558.0	2.451376146788991
1559.0	2.451376146788991
1560.0	2.451879010082493
1561.0	2.451879010082493
1562.0	2.451879010082493
1563.0	2.451879010082493
1564.0	2.4514652014652016
1565.0	2.45288197621226
1566.0	2.45288197621226
1567.0	2.45288197621226
1568.0	2.453382084095064
1569.0	2.452054794520548
1570.0	2.452054794520548
1571.0	2.452054794520548
1572.0	2.4507299270072993
1573.0	2.4507299270072993
1574.0	2.4507299270072993
1575.0	2.4512306289881494
1576.0	2.4512306289881494
1577.0	2.45264116575592
1578.0	2.45264116575592
1579.0	2.45264116575592
1580.0	2.4531392174704276
1581.0	2.4531392174704276
1582.0	2.4527272727272726
1583.0	2.4532243415077204
1584.0	2.454627949183303
1585.0	2.454215775158658
1586.0	2.454215775158658
1587.0	2.454215775158658
1588.0	2.4556159420289854
1589.0	2.4556159420289854
1590.0	2.456108597285068
1591.0	2.4566003616636527
1592.0	2.4566003616636527
1593.0	2.4570912375790424
1594.0	2.4566787003610107
1595.0	2.4566787003610107
1596.0	2.45536519386835
1597.0	2.45536519386835
1598.0	2.454954954954955
1599.0	2.4545454545454546
1600.0	2.452338129496403
1601.0	2.4519317160826595
1602.0	2.4506283662477557
1603.0	2.450224215246637
1604.0	2.4507168458781363
1605.0	2.451208594449418
1606.0	2.4508050089445437
1607.0	2.4508050089445437
1608.0	2.4512957998212688
1609.0	2.4512957998212688
1610.0	2.4512957998212688
1611.0	2.450892857142857
1612.0	2.4513826940231938
1613.0	2.450089126559715
1614.0	2.4496883348174534
1615.0	2.4501779359430604
1616.0	2.4501779359430604
1617.0	2.4515555555555557
1618.0	2.4515555555555557
1619.0	2.452042628774423
1620.0	2.452528837622005
1621.0	2.452127659574468
1622.0	2.452127659574468
1623.0	2.452127659574468
1624.0	2.4526129317980514
1625.0	2.4530973451327434
1626.0	2.4530973451327434
1627.0	2.451812555260831
1628.0	2.4514134275618376
1629.0	2.4510150044130627
1630.0	2.4510150044130627
1631.0	2.450617283950617
1632.0	2.451101321585903
1633.0	2.4515845070422535
1634.0	2.450307827616535
1635.0	2.4499121265377855
1636.0	2.450395083406497
1637.0	2.450877192982456
1638.0	2.448729184925504
1639.0	2.448729184925504
1640.0	2.448729184925504
1641.0	2.447460595446585
1642.0	2.4461942257217846
1643.0	2.4475524475524475
1644.0	2.4480349344978167
1645.0	2.4480349344978167
1646.0	2.4476439790575917
1647.0	2.4489973844812556
1648.0	2.450348432055749
1649.0	2.450348432055749
1650.0	2.451697127937337
1651.0	2.451697127937337
1652.0	2.451304347826087
1653.0	2.4509122502172023
1654.0	2.4509122502172023
1655.0	2.4496527777777777
1656.0	2.448395490026019
1657.0	2.448873483535529
1658.0	2.4484848484848483
1659.0	2.4463667820069204
1660.0	2.4477095937770095
1661.0	2.4464594127806563
1662.0	2.4464594127806563
1663.0	2.4464594127806563
1664.0	2.446937014667817
1665.0	2.446551724137931
1666.0	2.446167097329888
1667.0	2.446167097329888
1668.0	2.444922547332186
1669.0	2.444922547332186
1670.0	2.4445399828030956
1671.0	2.4441580756013748
1672.0	2.4446351931330472
1673.0	2.443396226415094
1674.0	2.443396226415094
1675.0	2.443396226415094
1676.0	2.4430162810625538
1677.0	2.444349315068493
1678.0	2.444349315068493
1679.0	2.444349315068493
1680.0	2.44311377245509
1681.0	2.4444444444444446
1682.0	2.4457728437233133
1683.0	2.445392491467577
1684.0	2.443307757885763
1685.0	2.442930153321976
1686.0	2.442930153321976
1687.0	2.4442553191489362
1688.0	2.442176870748299
1689.0	2.443500424808836
1690.0	2.443500424808836
1691.0	2.443500424808836
1692.0	2.443500424808836
1693.0	2.443500424808836
1694.0	2.4439728353140917
1695.0	2.4444444444444446
1696.0	2.4457627118644067
1697.0	2.4457627118644067
1698.0	2.4445385266723116
1699.0	2.4441624365482233
1700.0	2.4441624365482233
1701.0	2.4429416737109046
1702.0	2.4425675675675675
1703.0	2.4425675675675675
1704.0	2.440506329113924
1705.0	2.4409780775716694
1706.0	2.4409780775716694
1707.0	2.4409780775716694
1708.0	2.4409780775716694
1709.0	2.44229149115417
1710.0	2.441919191919192
1711.0	2.44322960470984
1712.0	2.443697478991597
1713.0	2.4441645675902604
1714.0	2.4446308724832213
1715.0	2.4446308724832213
1716.0	2.4450963956412406
1717.0	2.4455611390284755
1718.0	2.4460251046025103
1719.0	2.447324414715719
1720.0	2.4477861319966583
1721.0	2.448247078464107
1722.0	2.448707256046706
1723.0	2.448707256046706
1724.0	2.4475
1725.0	2.447127393838468
1726.0	2.4459234608985025
1727.0	2.4463840399002494
1728.0	2.4451827242524917
1729.0	2.4439834024896268
1730.0	2.4439834024896268
1731.0	2.442786069651741
1732.0	2.4424192212096107
1733.0	2.443708609271523
1734.0	2.442514474772539
1735.0	2.442514474772539
1736.0	2.442514474772539
1737.0	2.442514474772539
1738.0	2.4421487603305785
1739.0	2.443435177539224
1740.0	2.443435177539224
1741.0	2.4414191419141913
1742.0	2.441055234954658
1743.0	2.441055234954658
1744.0	2.441055234954658
1745.0	2.4398682042833606
1746.0	2.4386831275720167
1747.0	2.4383223684210527
1748.0	2.437962202136401
1749.0	2.4376026272577995
1750.0	2.43642329778507
1751.0	2.4377049180327868
1752.0	2.438984438984439
1753.0	2.439443535188216
1754.0	2.4399018806214228
1755.0	2.440359477124183
1756.0	2.440359477124183
1757.0	2.440359477124183
1758.0	2.44
1759.0	2.4404567699836868
1760.0	2.4404567699836868
1761.0	2.4404567699836868
1762.0	2.440912795436023
1763.0	2.4413680781758957
1764.0	2.4393816110659072
1765.0	2.43739837398374
1766.0	2.4370430544272947
1767.0	2.4358766233766236
1768.0	2.4363341443633413
1769.0	2.4363341443633413
1770.0	2.43517017828201
1771.0	2.4364372469635627
1772.0	2.4364372469635627
1773.0	2.4352750809061487
1774.0	2.4365400161681485
1775.0	2.4365400161681485
1776.0	2.4365400161681485
1777.0	2.4369951534733443
1778.0	2.4358353510895885
1779.0	2.4362903225806454
1780.0	2.4383561643835616
1781.0	2.4380032206119164
1782.0	2.4380032206119164
1783.0	2.4380032206119164
1784.0	2.4384553499597748
1785.0	2.4389067524115755
1786.0	2.4393574297188754
1787.0	2.4393574297188754
1788.0	2.4398073836276084
1789.0	2.4394546912590216
1790.0	2.4394546912590216
1791.0	2.4394546912590216
1792.0	2.438301282051282
1793.0	2.4379503602882306
1794.0	2.4384
1795.0	2.4380495603517187
1796.0	2.437699680511182
1797.0	2.438148443735036
1798.0	2.437799043062201
1799.0	2.4382470119521913
1800.0	2.4386942675159236
1801.0	2.4386942675159236
1802.0	2.4399363564041368
1803.0	2.4399363564041368
1804.0	2.440381558028617
1805.0	2.4384432088959493
1806.0	2.4380952380952383
1807.0	2.4380952380952383
1808.0	2.4377478191911184
1809.0	2.4358161648177497
1810.0	2.4358161648177497
1811.0	2.4362628661916075
1812.0	2.4367088607594938
1813.0	2.4379446640316207
1814.0	2.438388625592417
1815.0	2.438388625592417
1816.0	2.43646408839779
1817.0	2.4369085173501577
1818.0	2.4369085173501577
1819.0	2.4369085173501577
1820.0	2.437352245862884
1821.0	2.437795275590551
1822.0	2.437795275590551
1823.0	2.4374508261211645
1824.0	2.438679245283019
1825.0	2.439120188531029
1826.0	2.438775510204082
1827.0	2.438775510204082
1828.0	2.43921568627451
1829.0	2.438871473354232
1830.0	2.4393108848864524
1831.0	2.4389671361502345
1832.0	2.437842064112588
1833.0	2.437842064112588
1834.0	2.4375
1835.0	2.4375
1836.0	2.4375
1837.0	2.43871975019516
1838.0	2.4399375975039
1839.0	2.4395946999220577
1840.0	2.440809968847352
1841.0	2.4396887159533076
1842.0	2.4393468118195956
1843.0	2.4393468118195956
1844.0	2.439005439005439
1845.0	2.43944099378882
1846.0	2.43944099378882
1847.0	2.43944099378882
1848.0	2.439875872769589
1849.0	2.4387596899224806
1850.0	2.436870642912471
1851.0	2.4373065015479876
1852.0	2.4373065015479876
1853.0	2.4361948955916475
1854.0	2.436630602782071
1855.0	2.437837837837838
1856.0	2.437837837837838
1857.0	2.439043209876543
1858.0	2.4379336931380107
1859.0	2.438366718027735
1860.0	2.438366718027735
1861.0	2.438799076212471
1862.0	2.439230769230769
1863.0	2.439230769230769
1864.0	2.439661798616449
1865.0	2.439661798616449
1866.0	2.4400921658986174
1867.0	2.4405218726016886
1868.0	2.441717791411043
1869.0	2.4406130268199235
1870.0	2.4402756508422665
1871.0	2.4402756508422665
1872.0	2.4402756508422665
1873.0	2.439938791124713
1874.0	2.438073394495413
1875.0	2.436974789915966
1876.0	2.436974789915966
1877.0	2.43587786259542
1878.0	2.437070938215103
1879.0	2.4359756097560976
1880.0	2.4364051789794363
1881.0	2.436834094368341
1882.0	2.4372623574144487
1883.0	2.435410334346505
1884.0	2.4365983295368263
1885.0	2.4365983295368263
1886.0	2.436267071320182
1887.0	2.436267071320182
1888.0	2.4359363153904474
1889.0	2.4359363153904474
1890.0	2.4356060606060606
1891.0	2.4356060606060606
1892.0	2.4360333080999244
1893.0	2.434947049924357
1894.0	2.433862433862434
1895.0	2.433862433862434
1896.0	2.433862433862434
1897.0	2.43202416918429
1898.0	2.4316981132075473
1899.0	2.432126696832579
1900.0	2.4318010550113036
1901.0	2.4314759036144578
1902.0	2.4303987960872835
1903.0	2.430827067669173
1904.0	2.431254695717506
1905.0	2.431254695717506
1906.0	2.430930930930931
1907.0	2.432108027006752
1908.0	2.432108027006752
1909.0	2.4310344827586206
1910.0	2.4314606741573033
1911.0	2.43188622754491
1912.0	2.432311144353029
1913.0	2.4327354260089686
1914.0	2.433159073935773
1915.0	2.433582089552239
1916.0	2.4340044742729305
1917.0	2.4340044742729305
1918.0	2.4321907600596124
1919.0	2.4318689501116904
1920.0	2.4330357142857144
1921.0	2.4312267657992566
1922.0	2.4309063893016343
1923.0	2.4305864884929473
1924.0	2.4287833827893177
1925.0	2.4287833827893177
1926.0	2.4277242401779096
