0.0	NaN
1.0	NaN
2.0	NaN
3.0	NaN
4.0	NaN
5.0	5.0
6.0	5.0
7.0	5.0
8.0	5.0
9.0	5.0
10.0	5.0
11.0	5.0
12.0	5.0
13.0	5.0
14.0	5.0
15.0	5.0
16.0	5.0
17.0	5.0
18.0	5.0
19.0	5.0
20.0	5.0
21.0	5.0
22.0	5.0
23.0	5.0
24.0	5.0
25.0	5.0
26.0	5.0
27.0	5.0
28.0	5.0
29.0	5.0
30.0	5.0
31.0	5.0
32.0	5.0
33.0	5.0
34.0	5.0
35.0	5.0
36.0	5.0
37.0	5.0
38.0	5.0
39.0	5.0
40.0	5.0
41.0	5.0
42.0	5.0
43.0	5.0
44.0	5.0
45.0	5.0
46.0	4.8
47.0	4.8
48.0	4.8
49.0	4.8
50.0	4.8
51.0	4.8
52.0	4.666666666666667
53.0	4.666666666666667
54.0	4.666666666666667
55.0	4.666666666666667
56.0	4.666666666666667
57.0	4.666666666666667
58.0	4.666666666666667
59.0	4.666666666666667
60.0	4.666666666666667
61.0	4.666666666666667
62.0	4.666666666666667
63.0	4.666666666666667
64.0	4.666666666666667
65.0	4.666666666666667
66.0	4.571428571428571
67.0	4.571428571428571
68.0	4.571428571428571
69.0	4.571428571428571
70.0	4.571428571428571
71.0	4.5
72.0	4.5
73.0	4.5
74.0	4.5
75.0	4.5
76.0	4.5
77.0	4.5
78.0	4.5
79.0	4.5
80.0	4.5
81.0	4.5
82.0	4.5
83.0	4.5
84.0	4.5
85.0	4.444444444444445
86.0	4.444444444444445
87.0	4.444444444444445
88.0	4.444444444444445
89.0	4.444444444444445
90.0	4.444444444444445
91.0	4.444444444444445
92.0	4.444444444444445
93.0	4.444444444444445
94.0	4.3
95.0	4.3
96.0	4.3
97.0	4.3
98.0	4.3
99.0	4.2727272727272725
100.0	4.2727272727272725
101.0	4.2727272727272725
102.0	4.2727272727272725
103.0	4.2727272727272725
104.0	4.2727272727272725
105.0	4.2727272727272725
106.0	4.2727272727272725
107.0	4.25
108.0	4.25
109.0	4.25
110.0	4.25
111.0	4.076923076923077
112.0	4.076923076923077
113.0	4.076923076923077
114.0	4.076923076923077
115.0	4.076923076923077
116.0	4.076923076923077
117.0	4.076923076923077
118.0	4.076923076923077
119.0	4.0
120.0	4.0
121.0	4.0
122.0	4.0
123.0	4.0
124.0	4.0
125.0	4.0
126.0	4.0
127.0	4.0
128.0	4.0
129.0	4.0
130.0	4.0
131.0	4.0
132.0	4.0
133.0	4.0
134.0	4.0
135.0	4.0
136.0	4.0
137.0	4.0
138.0	4.0
139.0	4.0
140.0	4.0
141.0	4.0
142.0	4.0
143.0	4.0
144.0	4.0
145.0	4.0
146.0	4.0
147.0	4.0
148.0	4.0
149.0	4.0
150.0	3.9375
151.0	3.9375
152.0	3.9375
153.0	3.9375
154.0	3.9375
155.0	3.9375
156.0	3.9375
157.0	3.9375
158.0	3.9375
159.0	3.9375
160.0	3.9375
161.0	3.9375
162.0	3.9375
163.0	3.9375
164.0	3.9375
165.0	3.9375
166.0	3.9411764705882355
167.0	3.9411764705882355
168.0	3.9411764705882355
169.0	3.9411764705882355
170.0	3.9411764705882355
171.0	3.9411764705882355
172.0	3.9411764705882355
173.0	3.9411764705882355
174.0	3.9411764705882355
175.0	3.888888888888889
176.0	3.888888888888889
177.0	3.888888888888889
178.0	3.888888888888889
179.0	3.8421052631578947
180.0	3.8421052631578947
181.0	3.8
182.0	3.8
183.0	3.8
184.0	3.8
185.0	3.8
186.0	3.8
187.0	3.8
188.0	3.7142857142857144
189.0	3.7142857142857144
190.0	3.7142857142857144
191.0	3.7142857142857144
192.0	3.7142857142857144
193.0	3.7142857142857144
194.0	3.7142857142857144
195.0	3.7142857142857144
196.0	3.7142857142857144
197.0	3.7142857142857144
198.0	3.7142857142857144
199.0	3.6363636363636362
200.0	3.652173913043478
201.0	3.652173913043478
202.0	3.652173913043478
203.0	3.625
204.0	3.625
205.0	3.625
206.0	3.52
207.0	3.52
208.0	3.52
209.0	3.52
210.0	3.52
211.0	3.52
212.0	3.52
213.0	3.52
214.0	3.52
215.0	3.52
216.0	3.52
217.0	3.5384615384615383
218.0	3.5384615384615383
219.0	3.5384615384615383
220.0	3.5384615384615383
221.0	3.5185185185185186
222.0	3.5185185185185186
223.0	3.5185185185185186
224.0	3.5185185185185186
225.0	3.5185185185185186
226.0	3.5357142857142856
227.0	3.5517241379310347
228.0	3.5517241379310347
229.0	3.5517241379310347
230.0	3.5517241379310347
231.0	3.5517241379310347
232.0	3.5517241379310347
233.0	3.5517241379310347
234.0	3.5517241379310347
235.0	3.5517241379310347
236.0	3.5517241379310347
237.0	3.5517241379310347
238.0	3.533333333333333
239.0	3.533333333333333
240.0	3.533333333333333
241.0	3.533333333333333
242.0	3.533333333333333
243.0	3.533333333333333
244.0	3.533333333333333
245.0	3.5161290322580645
246.0	3.46875
247.0	3.46875
248.0	3.46875
249.0	3.46875
250.0	3.484848484848485
251.0	3.484848484848485
252.0	3.5
253.0	3.4857142857142858
254.0	3.4857142857142858
255.0	3.4857142857142858
256.0	3.4857142857142858
257.0	3.4857142857142858
258.0	3.4857142857142858
259.0	3.4857142857142858
260.0	3.4857142857142858
261.0	3.4857142857142858
262.0	3.4857142857142858
263.0	3.4857142857142858
264.0	3.4857142857142858
265.0	3.4857142857142858
266.0	3.5
267.0	3.4594594594594597
268.0	3.4594594594594597
269.0	3.4594594594594597
270.0	3.4594594594594597
271.0	3.4594594594594597
272.0	3.4594594594594597
273.0	3.4594594594594597
274.0	3.4594594594594597
275.0	3.4594594594594597
276.0	3.4594594594594597
277.0	3.4594594594594597
278.0	3.4473684210526314
279.0	3.4473684210526314
280.0	3.4473684210526314
281.0	3.41025641025641
282.0	3.41025641025641
283.0	3.41025641025641
284.0	3.41025641025641
285.0	3.41025641025641
286.0	3.41025641025641
287.0	3.41025641025641
288.0	3.41025641025641
289.0	3.41025641025641
290.0	3.41025641025641
291.0	3.41025641025641
292.0	3.41025641025641
293.0	3.41025641025641
294.0	3.41025641025641
295.0	3.41025641025641
296.0	3.41025641025641
297.0	3.41025641025641
298.0	3.41025641025641
299.0	3.41025641025641
300.0	3.425
301.0	3.425
302.0	3.425
303.0	3.425
304.0	3.4146341463414633
305.0	3.4146341463414633
306.0	3.4146341463414633
307.0	3.4146341463414633
308.0	3.4146341463414633
309.0	3.4146341463414633
310.0	3.4285714285714284
311.0	3.4285714285714284
312.0	3.4285714285714284
313.0	3.4285714285714284
314.0	3.4285714285714284
315.0	3.4285714285714284
316.0	3.4285714285714284
317.0	3.4285714285714284
318.0	3.4285714285714284
319.0	3.4285714285714284
320.0	3.4285714285714284
321.0	3.4285714285714284
322.0	3.4285714285714284
323.0	3.4285714285714284
324.0	3.4285714285714284
325.0	3.4285714285714284
326.0	3.4285714285714284
327.0	3.4285714285714284
328.0	3.4285714285714284
329.0	3.4285714285714284
330.0	3.4285714285714284
331.0	3.4285714285714284
332.0	3.4285714285714284
333.0	3.4285714285714284
334.0	3.4285714285714284
335.0	3.4285714285714284
336.0	3.4285714285714284
337.0	3.4285714285714284
338.0	3.4285714285714284
339.0	3.4285714285714284
340.0	3.4285714285714284
341.0	3.4285714285714284
342.0	3.4285714285714284
343.0	3.4285714285714284
344.0	3.4285714285714284
345.0	3.4285714285714284
346.0	3.4285714285714284
347.0	3.4285714285714284
348.0	3.4285714285714284
349.0	3.4186046511627906
350.0	3.4186046511627906
351.0	3.4186046511627906
352.0	3.4186046511627906
353.0	3.4186046511627906
354.0	3.4186046511627906
355.0	3.4186046511627906
356.0	3.409090909090909
357.0	3.422222222222222
358.0	3.422222222222222
359.0	3.422222222222222
360.0	3.422222222222222
361.0	3.422222222222222
362.0	3.422222222222222
363.0	3.422222222222222
364.0	3.422222222222222
365.0	3.422222222222222
366.0	3.422222222222222
367.0	3.422222222222222
368.0	3.422222222222222
369.0	3.422222222222222
370.0	3.422222222222222
371.0	3.422222222222222
372.0	3.422222222222222
373.0	3.422222222222222
374.0	3.422222222222222
375.0	3.422222222222222
376.0	3.422222222222222
377.0	3.422222222222222
378.0	3.422222222222222
379.0	3.422222222222222
380.0	3.4347826086956523
381.0	3.4347826086956523
382.0	3.4468085106382977
383.0	3.4166666666666665
384.0	3.4166666666666665
385.0	3.4166666666666665
386.0	3.4166666666666665
387.0	3.4166666666666665
388.0	3.4166666666666665
389.0	3.4166666666666665
390.0	3.4166666666666665
391.0	3.4166666666666665
392.0	3.4285714285714284
393.0	3.4285714285714284
394.0	3.4285714285714284
395.0	3.4285714285714284
396.0	3.4285714285714284
397.0	3.4285714285714284
398.0	3.42
399.0	3.42
400.0	3.42
401.0	3.42
402.0	3.42
403.0	3.4313725490196076
404.0	3.4313725490196076
405.0	3.4313725490196076
406.0	3.4313725490196076
407.0	3.4313725490196076
408.0	3.423076923076923
409.0	3.423076923076923
410.0	3.423076923076923
411.0	3.423076923076923
412.0	3.423076923076923
413.0	3.423076923076923
414.0	3.423076923076923
415.0	3.423076923076923
416.0	3.423076923076923
417.0	3.423076923076923
418.0	3.3962264150943398
419.0	3.3333333333333335
420.0	3.3333333333333335
421.0	3.3454545454545452
422.0	3.3454545454545452
423.0	3.3454545454545452
424.0	3.3454545454545452
425.0	3.3454545454545452
426.0	3.3454545454545452
427.0	3.3392857142857144
428.0	3.3508771929824563
429.0	3.3508771929824563
430.0	3.3508771929824563
431.0	3.3508771929824563
432.0	3.3508771929824563
433.0	3.3508771929824563
434.0	3.3508771929824563
435.0	3.3508771929824563
436.0	3.3448275862068964
437.0	3.3448275862068964
438.0	3.3448275862068964
439.0	3.3559322033898304
440.0	3.3559322033898304
441.0	3.3559322033898304
442.0	3.3559322033898304
443.0	3.3559322033898304
444.0	3.3559322033898304
445.0	3.3559322033898304
446.0	3.3559322033898304
447.0	3.3559322033898304
448.0	3.3559322033898304
449.0	3.3559322033898304
450.0	3.3333333333333335
451.0	3.3333333333333335
452.0	3.3333333333333335
453.0	3.3278688524590163
454.0	3.3225806451612905
455.0	3.3225806451612905
456.0	3.3225806451612905
457.0	3.3225806451612905
458.0	3.3333333333333335
459.0	3.3333333333333335
460.0	3.3333333333333335
461.0	3.3333333333333335
462.0	3.3333333333333335
463.0	3.3333333333333335
464.0	3.3333333333333335
465.0	3.3333333333333335
466.0	3.328125
467.0	3.3384615384615386
468.0	3.3384615384615386
469.0	3.3333333333333335
470.0	3.3333333333333335
471.0	3.3333333333333335
472.0	3.3333333333333335
473.0	3.3333333333333335
474.0	3.3333333333333335
475.0	3.3333333333333335
476.0	3.343283582089552
477.0	3.343283582089552
478.0	3.343283582089552
479.0	3.3529411764705883
480.0	3.3333333333333335
481.0	3.3333333333333335
482.0	3.3333333333333335
483.0	3.3333333333333335
484.0	3.3285714285714287
485.0	3.3285714285714287
486.0	3.3285714285714287
487.0	3.3285714285714287
488.0	3.3285714285714287
489.0	3.3380281690140845
490.0	3.3380281690140845
491.0	3.3380281690140845
492.0	3.3380281690140845
493.0	3.3380281690140845
494.0	3.3380281690140845
495.0	3.3380281690140845
496.0	3.3380281690140845
497.0	3.3380281690140845
498.0	3.3380281690140845
499.0	3.3380281690140845
500.0	3.3333333333333335
501.0	3.3333333333333335
502.0	3.3333333333333335
503.0	3.3333333333333335
504.0	3.3333333333333335
505.0	3.3333333333333335
506.0	3.3333333333333335
507.0	3.3333333333333335
508.0	3.3333333333333335
509.0	3.3333333333333335
510.0	3.3333333333333335
511.0	3.3333333333333335
512.0	3.3333333333333335
513.0	3.3013698630136985
514.0	3.3013698630136985
515.0	3.3013698630136985
516.0	3.3013698630136985
517.0	3.3013698630136985
518.0	3.3013698630136985
519.0	3.3013698630136985
520.0	3.3013698630136985
521.0	3.3013698630136985
522.0	3.2972972972972974
523.0	3.2972972972972974
524.0	3.2972972972972974
525.0	3.2972972972972974
526.0	3.2972972972972974
527.0	3.2933333333333334
528.0	3.2933333333333334
529.0	3.2933333333333334
530.0	3.2933333333333334
531.0	3.2933333333333334
532.0	3.2933333333333334
533.0	3.2933333333333334
534.0	3.2933333333333334
535.0	3.2933333333333334
536.0	3.2933333333333334
537.0	3.2933333333333334
538.0	3.2933333333333334
539.0	3.2933333333333334
540.0	3.2933333333333334
541.0	3.2933333333333334
542.0	3.2933333333333334
543.0	3.2933333333333334
544.0	3.2933333333333334
545.0	3.2933333333333334
546.0	3.2933333333333334
547.0	3.2933333333333334
548.0	3.2933333333333334
549.0	3.2933333333333334
550.0	3.2933333333333334
551.0	3.2933333333333334
552.0	3.2933333333333334
553.0	3.2933333333333334
554.0	3.2933333333333334
555.0	3.2933333333333334
556.0	3.3026315789473686
557.0	3.3026315789473686
558.0	3.3026315789473686
559.0	3.3026315789473686
560.0	3.3026315789473686
561.0	3.3026315789473686
562.0	3.3026315789473686
563.0	3.3026315789473686
564.0	3.2987012987012987
565.0	3.2987012987012987
566.0	3.2987012987012987
567.0	3.2987012987012987
568.0	3.2987012987012987
569.0	3.2948717948717947
570.0	3.2948717948717947
571.0	3.2948717948717947
572.0	3.2948717948717947
573.0	3.2948717948717947
574.0	3.2948717948717947
575.0	3.2948717948717947
576.0	3.2948717948717947
577.0	3.2948717948717947
578.0	3.2948717948717947
579.0	3.2948717948717947
580.0	3.2948717948717947
581.0	3.2948717948717947
582.0	3.2948717948717947
583.0	3.2948717948717947
584.0	3.2948717948717947
585.0	3.2948717948717947
586.0	3.2948717948717947
587.0	3.2948717948717947
588.0	3.2948717948717947
589.0	3.2948717948717947
590.0	3.2948717948717947
591.0	3.2948717948717947
592.0	3.2948717948717947
593.0	3.2948717948717947
594.0	3.2658227848101267
595.0	3.275
596.0	3.275
597.0	3.275
598.0	3.275
599.0	3.275
600.0	3.259259259259259
601.0	3.259259259259259
602.0	3.259259259259259
603.0	3.259259259259259
604.0	3.259259259259259
605.0	3.259259259259259
606.0	3.259259259259259
607.0	3.2560975609756095
608.0	3.2560975609756095
609.0	3.2560975609756095
610.0	3.2560975609756095
611.0	3.2560975609756095
612.0	3.2409638554216866
613.0	3.2409638554216866
614.0	3.2409638554216866
615.0	3.2409638554216866
616.0	3.2409638554216866
617.0	3.2409638554216866
618.0	3.2409638554216866
619.0	3.2409638554216866
620.0	3.2409638554216866
621.0	3.2409638554216866
622.0	3.2409638554216866
623.0	3.2409638554216866
624.0	3.2409638554216866
625.0	3.25
626.0	3.25
627.0	3.25
628.0	3.235294117647059
629.0	3.235294117647059
630.0	3.235294117647059
631.0	3.2325581395348837
632.0	3.2325581395348837
633.0	3.2325581395348837
634.0	3.2325581395348837
635.0	3.2325581395348837
636.0	3.2325581395348837
637.0	3.218390804597701
638.0	3.218390804597701
639.0	3.218390804597701
640.0	3.218390804597701
641.0	3.218390804597701
642.0	3.218390804597701
643.0	3.218390804597701
644.0	3.218390804597701
645.0	3.218390804597701
646.0	3.218390804597701
647.0	3.2045454545454546
648.0	3.2045454545454546
649.0	3.2045454545454546
650.0	3.2045454545454546
651.0	3.2045454545454546
652.0	3.2045454545454546
653.0	3.2045454545454546
654.0	3.2045454545454546
655.0	3.2045454545454546
656.0	3.2045454545454546
657.0	3.2045454545454546
658.0	3.2045454545454546
659.0	3.2134831460674156
660.0	3.2111111111111112
661.0	3.2111111111111112
662.0	3.2111111111111112
663.0	3.2111111111111112
664.0	3.2111111111111112
665.0	3.2111111111111112
666.0	3.2111111111111112
667.0	3.2111111111111112
668.0	3.2111111111111112
669.0	3.208791208791209
670.0	3.208791208791209
671.0	3.208791208791209
672.0	3.2065217391304346
673.0	3.2065217391304346
674.0	3.2065217391304346
675.0	3.2065217391304346
676.0	3.2065217391304346
677.0	3.2065217391304346
678.0	3.2065217391304346
679.0	3.2065217391304346
680.0	3.2065217391304346
681.0	3.2065217391304346
682.0	3.204301075268817
683.0	3.204301075268817
684.0	3.204301075268817
685.0	3.202127659574468
686.0	3.202127659574468
687.0	3.202127659574468
688.0	3.202127659574468
689.0	3.202127659574468
690.0	3.210526315789474
691.0	3.210526315789474
692.0	3.210526315789474
693.0	3.210526315789474
694.0	3.210526315789474
695.0	3.210526315789474
696.0	3.210526315789474
697.0	3.210526315789474
698.0	3.210526315789474
699.0	3.2083333333333335
700.0	3.2083333333333335
701.0	3.216494845360825
702.0	3.216494845360825
703.0	3.204081632653061
704.0	3.204081632653061
705.0	3.204081632653061
706.0	3.204081632653061
707.0	3.204081632653061
708.0	3.204081632653061
709.0	3.212121212121212
710.0	3.212121212121212
711.0	3.212121212121212
712.0	3.212121212121212
713.0	3.212121212121212
714.0	3.212121212121212
715.0	3.212121212121212
716.0	3.2
717.0	3.2
718.0	3.2
719.0	3.2
720.0	3.2
721.0	3.2
722.0	3.2
723.0	3.2
724.0	3.2
725.0	3.2
726.0	3.2
727.0	3.2
728.0	3.1881188118811883
729.0	3.1881188118811883
730.0	3.1881188118811883
731.0	3.1881188118811883
732.0	3.1881188118811883
733.0	3.196078431372549
734.0	3.196078431372549
735.0	3.196078431372549
736.0	3.196078431372549
737.0	3.196078431372549
738.0	3.196078431372549
739.0	3.196078431372549
740.0	3.196078431372549
741.0	3.196078431372549
742.0	3.196078431372549
743.0	3.196078431372549
744.0	3.196078431372549
745.0	3.196078431372549
746.0	3.196078431372549
747.0	3.203883495145631
748.0	3.203883495145631
749.0	3.203883495145631
750.0	3.203883495145631
751.0	3.203883495145631
752.0	3.203883495145631
753.0	3.203883495145631
754.0	3.2115384615384617
755.0	3.2095238095238097
756.0	3.2095238095238097
757.0	3.2095238095238097
758.0	3.2095238095238097
759.0	3.2095238095238097
760.0	3.2095238095238097
761.0	3.2095238095238097
762.0	3.2095238095238097
763.0	3.2095238095238097
764.0	3.2095238095238097
765.0	3.2095238095238097
766.0	3.2095238095238097
767.0	3.2095238095238097
768.0	3.2095238095238097
769.0	3.2095238095238097
770.0	3.2095238095238097
771.0	3.2095238095238097
772.0	3.2095238095238097
773.0	3.2095238095238097
774.0	3.2095238095238097
775.0	3.2095238095238097
776.0	3.2095238095238097
777.0	3.2095238095238097
778.0	3.2095238095238097
779.0	3.2095238095238097
780.0	3.2095238095238097
781.0	3.2095238095238097
782.0	3.2095238095238097
783.0	3.19811320754717
784.0	3.19811320754717
785.0	3.205607476635514
786.0	3.205607476635514
787.0	3.205607476635514
788.0	3.205607476635514
789.0	3.205607476635514
790.0	3.212962962962963
791.0	3.212962962962963
792.0	3.220183486238532
793.0	3.220183486238532
794.0	3.220183486238532
795.0	3.220183486238532
796.0	3.220183486238532
797.0	3.227272727272727
798.0	3.227272727272727
799.0	3.234234234234234
800.0	3.234234234234234
801.0	3.232142857142857
802.0	3.232142857142857
803.0	3.2035398230088497
804.0	3.2035398230088497
805.0	3.2035398230088497
806.0	3.2035398230088497
807.0	3.2035398230088497
808.0	3.2035398230088497
809.0	3.2035398230088497
810.0	3.2035398230088497
811.0	3.2035398230088497
812.0	3.2035398230088497
813.0	3.2035398230088497
814.0	3.2035398230088497
815.0	3.2035398230088497
816.0	3.2035398230088497
817.0	3.2035398230088497
818.0	3.2035398230088497
819.0	3.2035398230088497
820.0	3.2035398230088497
821.0	3.210526315789474
822.0	3.210526315789474
823.0	3.1913043478260867
824.0	3.1913043478260867
825.0	3.1913043478260867
826.0	3.1982758620689653
827.0	3.1982758620689653
828.0	3.1982758620689653
829.0	3.1982758620689653
830.0	3.1982758620689653
831.0	3.1982758620689653
832.0	3.1982758620689653
833.0	3.1982758620689653
834.0	3.1982758620689653
835.0	3.1982758620689653
836.0	3.1982758620689653
837.0	3.1982758620689653
838.0	3.1982758620689653
839.0	3.1982758620689653
840.0	3.1982758620689653
841.0	3.1982758620689653
842.0	3.1982758620689653
843.0	3.1982758620689653
844.0	3.1982758620689653
845.0	3.1982758620689653
846.0	3.1982758620689653
847.0	3.1982758620689653
848.0	3.1982758620689653
849.0	3.1982758620689653
850.0	3.1982758620689653
851.0	3.1982758620689653
852.0	3.1982758620689653
853.0	3.1982758620689653
854.0	3.1982758620689653
855.0	3.1982758620689653
856.0	3.1982758620689653
857.0	3.1982758620689653
858.0	3.1965811965811968
859.0	3.1965811965811968
860.0	3.1965811965811968
861.0	3.1965811965811968
862.0	3.1779661016949152
863.0	3.1779661016949152
864.0	3.176470588235294
865.0	3.176470588235294
866.0	3.176470588235294
867.0	3.176470588235294
868.0	3.176470588235294
869.0	3.176470588235294
870.0	3.176470588235294
871.0	3.176470588235294
872.0	3.176470588235294
873.0	3.176470588235294
874.0	3.176470588235294
875.0	3.176470588235294
876.0	3.176470588235294
877.0	3.176470588235294
878.0	3.175
879.0	3.175
880.0	3.175
881.0	3.175
882.0	3.175
883.0	3.175
884.0	3.175
885.0	3.175
886.0	3.15702479338843
887.0	3.15702479338843
888.0	3.15702479338843
889.0	3.15702479338843
890.0	3.15702479338843
891.0	3.15702479338843
892.0	3.15702479338843
893.0	3.15702479338843
894.0	3.15702479338843
895.0	3.15702479338843
896.0	3.15702479338843
897.0	3.15702479338843
898.0	3.1557377049180326
899.0	3.1557377049180326
900.0	3.1557377049180326
901.0	3.1557377049180326
902.0	3.16260162601626
903.0	3.16260162601626
904.0	3.16260162601626
905.0	3.16260162601626
906.0	3.16260162601626
907.0	3.16260162601626
908.0	3.16260162601626
909.0	3.16260162601626
910.0	3.16260162601626
911.0	3.16260162601626
912.0	3.16260162601626
913.0	3.16260162601626
914.0	3.16260162601626
915.0	3.16260162601626
916.0	3.16260162601626
917.0	3.16260162601626
918.0	3.16260162601626
919.0	3.16260162601626
920.0	3.16260162601626
921.0	3.16260162601626
922.0	3.1693548387096775
923.0	3.1693548387096775
924.0	3.1693548387096775
925.0	3.1693548387096775
926.0	3.1693548387096775
927.0	3.1693548387096775
928.0	3.1693548387096775
929.0	3.16
930.0	3.1587301587301586
931.0	3.1587301587301586
932.0	3.1653543307086616
933.0	3.1653543307086616
934.0	3.1653543307086616
935.0	3.1653543307086616
936.0	3.1653543307086616
937.0	3.1653543307086616
938.0	3.1653543307086616
939.0	3.1653543307086616
940.0	3.1653543307086616
941.0	3.171875
942.0	3.171875
943.0	3.171875
944.0	3.1705426356589146
945.0	3.1705426356589146
946.0	3.1705426356589146
947.0	3.1705426356589146
948.0	3.1705426356589146
949.0	3.1769230769230767
950.0	3.183206106870229
951.0	3.183206106870229
952.0	3.183206106870229
953.0	3.183206106870229
954.0	3.183206106870229
955.0	3.183206106870229
956.0	3.183206106870229
957.0	3.183206106870229
958.0	3.183206106870229
959.0	3.183206106870229
960.0	3.183206106870229
961.0	3.183206106870229
962.0	3.183206106870229
963.0	3.183206106870229
964.0	3.183206106870229
965.0	3.183206106870229
966.0	3.183206106870229
967.0	3.183206106870229
968.0	3.183206106870229
969.0	3.183206106870229
970.0	3.183206106870229
971.0	3.183206106870229
972.0	3.183206106870229
973.0	3.183206106870229
974.0	3.183206106870229
975.0	3.183206106870229
976.0	3.1666666666666665
977.0	3.1666666666666665
978.0	3.1666666666666665
979.0	3.1666666666666665
980.0	3.1666666666666665
981.0	3.1666666666666665
982.0	3.1666666666666665
983.0	3.1654135338345863
984.0	3.1654135338345863
985.0	3.1654135338345863
986.0	3.1654135338345863
987.0	3.1654135338345863
988.0	3.1654135338345863
989.0	3.1654135338345863
990.0	3.1654135338345863
991.0	3.1654135338345863
992.0	3.1654135338345863
993.0	3.1641791044776117
994.0	3.1641791044776117
995.0	3.1641791044776117
996.0	3.1641791044776117
997.0	3.1641791044776117
998.0	3.1641791044776117
999.0	3.1641791044776117
1000.0	3.1641791044776117
1001.0	3.1641791044776117
1002.0	3.1641791044776117
1003.0	3.1641791044776117
1004.0	3.162962962962963
1005.0	3.162962962962963
1006.0	3.1691176470588234
1007.0	3.1691176470588234
1008.0	3.1691176470588234
1009.0	3.1751824817518246
1010.0	3.1751824817518246
1011.0	3.1751824817518246
1012.0	3.1751824817518246
1013.0	3.1751824817518246
1014.0	3.1751824817518246
1015.0	3.1739130434782608
1016.0	3.1739130434782608
1017.0	3.1739130434782608
1018.0	3.1739130434782608
1019.0	3.1739130434782608
1020.0	3.172661870503597
1021.0	3.172661870503597
1022.0	3.172661870503597
1023.0	3.172661870503597
1024.0	3.172661870503597
1025.0	3.172661870503597
1026.0	3.172661870503597
1027.0	3.172661870503597
1028.0	3.1714285714285713
1029.0	3.1714285714285713
1030.0	3.1773049645390072
1031.0	3.1773049645390072
1032.0	3.1773049645390072
1033.0	3.1773049645390072
1034.0	3.1773049645390072
1035.0	3.1773049645390072
1036.0	3.1773049645390072
1037.0	3.183098591549296
1038.0	3.183098591549296
1039.0	3.174825174825175
1040.0	3.174825174825175
1041.0	3.174825174825175
1042.0	3.174825174825175
1043.0	3.174825174825175
1044.0	3.1805555555555554
1045.0	3.1805555555555554
1046.0	3.1805555555555554
1047.0	3.1805555555555554
1048.0	3.1805555555555554
1049.0	3.1805555555555554
1050.0	3.1805555555555554
1051.0	3.1805555555555554
1052.0	3.1805555555555554
1053.0	3.1805555555555554
1054.0	3.1805555555555554
1055.0	3.1805555555555554
1056.0	3.1805555555555554
1057.0	3.179310344827586
1058.0	3.184931506849315
1059.0	3.184931506849315
1060.0	3.1904761904761907
1061.0	3.1904761904761907
1062.0	3.1904761904761907
1063.0	3.1904761904761907
1064.0	3.1904761904761907
1065.0	3.1904761904761907
1066.0	3.1904761904761907
1067.0	3.1904761904761907
1068.0	3.1904761904761907
1069.0	3.1904761904761907
1070.0	3.1904761904761907
1071.0	3.1904761904761907
1072.0	3.1904761904761907
1073.0	3.1904761904761907
1074.0	3.1904761904761907
1075.0	3.1904761904761907
1076.0	3.195945945945946
1077.0	3.195945945945946
1078.0	3.195945945945946
1079.0	3.195945945945946
1080.0	3.195945945945946
1081.0	3.195945945945946
1082.0	3.2013422818791946
1083.0	3.2013422818791946
1084.0	3.2013422818791946
1085.0	3.2013422818791946
1086.0	3.2013422818791946
1087.0	3.2013422818791946
1088.0	3.2066666666666666
1089.0	3.2066666666666666
1090.0	3.2066666666666666
1091.0	3.2066666666666666
1092.0	3.2066666666666666
1093.0	3.2066666666666666
1094.0	3.2066666666666666
1095.0	3.2119205298013247
1096.0	3.2119205298013247
1097.0	3.2119205298013247
1098.0	3.2119205298013247
1099.0	3.1973684210526314
1100.0	3.1973684210526314
1101.0	3.1973684210526314
1102.0	3.1973684210526314
1103.0	3.1973684210526314
1104.0	3.1973684210526314
1105.0	3.1973684210526314
1106.0	3.1973684210526314
1107.0	3.196078431372549
1108.0	3.196078431372549
1109.0	3.196078431372549
1110.0	3.1948051948051948
1111.0	3.193548387096774
1112.0	3.1923076923076925
1113.0	3.1923076923076925
1114.0	3.1923076923076925
1115.0	3.1923076923076925
1116.0	3.1923076923076925
1117.0	3.1923076923076925
1118.0	3.1923076923076925
1119.0	3.1923076923076925
1120.0	3.1923076923076925
1121.0	3.1923076923076925
1122.0	3.1974522292993632
1123.0	3.1974522292993632
1124.0	3.1974522292993632
1125.0	3.1974522292993632
1126.0	3.1974522292993632
1127.0	3.1974522292993632
1128.0	3.1974522292993632
1129.0	3.1974522292993632
1130.0	3.1974522292993632
1131.0	3.1962025316455698
1132.0	3.1962025316455698
1133.0	3.1962025316455698
1134.0	3.1962025316455698
1135.0	3.1962025316455698
1136.0	3.1962025316455698
1137.0	3.1962025316455698
1138.0	3.1962025316455698
1139.0	3.1962025316455698
1140.0	3.1962025316455698
1141.0	3.1962025316455698
1142.0	3.1962025316455698
1143.0	3.1949685534591197
1144.0	3.1949685534591197
1145.0	3.1949685534591197
1146.0	3.1949685534591197
1147.0	3.1949685534591197
1148.0	3.1949685534591197
1149.0	3.1875
1150.0	3.1875
1151.0	3.1875
1152.0	3.1875
1153.0	3.1875
1154.0	3.1875
1155.0	3.1875
1156.0	3.1875
1157.0	3.1875
1158.0	3.1875
1159.0	3.1875
1160.0	3.1875
1161.0	3.1875
1162.0	3.1875
1163.0	3.1875
1164.0	3.1875
1165.0	3.1875
1166.0	3.1875
1167.0	3.1801242236024843
1168.0	3.1801242236024843
1169.0	3.1801242236024843
1170.0	3.1801242236024843
1171.0	3.1728395061728394
1172.0	3.1728395061728394
1173.0	3.1728395061728394
1174.0	3.1728395061728394
1175.0	3.1728395061728394
1176.0	3.1779141104294477
1177.0	3.1779141104294477
1178.0	3.1779141104294477
1179.0	3.1779141104294477
1180.0	3.1779141104294477
1181.0	3.1779141104294477
1182.0	3.1779141104294477
1183.0	3.1779141104294477
1184.0	3.1779141104294477
1185.0	3.1779141104294477
1186.0	3.1779141104294477
1187.0	3.176829268292683
1188.0	3.176829268292683
1189.0	3.176829268292683
1190.0	3.176829268292683
1191.0	3.176829268292683
1192.0	3.176829268292683
1193.0	3.176829268292683
1194.0	3.176829268292683
1195.0	3.176829268292683
1196.0	3.176829268292683
1197.0	3.176829268292683
1198.0	3.176829268292683
1199.0	3.176829268292683
1200.0	3.176829268292683
1201.0	3.176829268292683
1202.0	3.176829268292683
1203.0	3.176829268292683
1204.0	3.176829268292683
1205.0	3.176829268292683
1206.0	3.176829268292683
1207.0	3.176829268292683
1208.0	3.176829268292683
1209.0	3.176829268292683
1210.0	3.176829268292683
1211.0	3.176829268292683
1212.0	3.176829268292683
1213.0	3.176829268292683
1214.0	3.175757575757576
1215.0	3.175757575757576
1216.0	3.175757575757576
1217.0	3.175757575757576
1218.0	3.175757575757576
1219.0	3.175757575757576
1220.0	3.175757575757576
1221.0	3.175757575757576
1222.0	3.175757575757576
1223.0	3.175757575757576
1224.0	3.175757575757576
1225.0	3.175757575757576
1226.0	3.174698795180723
1227.0	3.174698795180723
1228.0	3.174698795180723
1229.0	3.1736526946107784
1230.0	3.1726190476190474
1231.0	3.1726190476190474
1232.0	3.1726190476190474
1233.0	3.1726190476190474
1234.0	3.1726190476190474
1235.0	3.1726190476190474
1236.0	3.1726190476190474
1237.0	3.1726190476190474
1238.0	3.1726190476190474
1239.0	3.1726190476190474
1240.0	3.1726190476190474
1241.0	3.1726190476190474
1242.0	3.1726190476190474
1243.0	3.1726190476190474
1244.0	3.1726190476190474
1245.0	3.1726190476190474
1246.0	3.1726190476190474
1247.0	3.1726190476190474
1248.0	3.1726190476190474
1249.0	3.1726190476190474
1250.0	3.1726190476190474
1251.0	3.1726190476190474
1252.0	3.1726190476190474
1253.0	3.1726190476190474
1254.0	3.1726190476190474
1255.0	3.171597633136095
1256.0	3.176470588235294
1257.0	3.176470588235294
1258.0	3.1578947368421053
1259.0	3.1569767441860463
1260.0	3.1560693641618496
1261.0	3.160919540229885
1262.0	3.160919540229885
1263.0	3.160919540229885
1264.0	3.165714285714286
1265.0	3.165714285714286
1266.0	3.165714285714286
1267.0	3.159090909090909
1268.0	3.159090909090909
1269.0	3.159090909090909
1270.0	3.159090909090909
1271.0	3.159090909090909
1272.0	3.159090909090909
1273.0	3.159090909090909
1274.0	3.159090909090909
1275.0	3.159090909090909
1276.0	3.15819209039548
1277.0	3.15819209039548
1278.0	3.162921348314607
1279.0	3.162921348314607
1280.0	3.162921348314607
1281.0	3.162921348314607
1282.0	3.1620111731843576
1283.0	3.1620111731843576
1284.0	3.1620111731843576
1285.0	3.1620111731843576
1286.0	3.1666666666666665
1287.0	3.1666666666666665
1288.0	3.1666666666666665
1289.0	3.165745856353591
1290.0	3.165745856353591
1291.0	3.165745856353591
1292.0	3.165745856353591
1293.0	3.165745856353591
1294.0	3.165745856353591
1295.0	3.165745856353591
1296.0	3.165745856353591
1297.0	3.165745856353591
1298.0	3.17032967032967
1299.0	3.17032967032967
1300.0	3.17032967032967
1301.0	3.17032967032967
1302.0	3.1748633879781423
1303.0	3.1748633879781423
1304.0	3.1748633879781423
1305.0	3.1748633879781423
1306.0	3.1748633879781423
1307.0	3.1748633879781423
1308.0	3.1748633879781423
1309.0	3.1748633879781423
1310.0	3.1630434782608696
1311.0	3.1630434782608696
1312.0	3.1630434782608696
1313.0	3.1630434782608696
1314.0	3.1630434782608696
1315.0	3.1630434782608696
1316.0	3.1630434782608696
1317.0	3.1630434782608696
1318.0	3.1630434782608696
1319.0	3.1630434782608696
1320.0	3.1630434782608696
1321.0	3.1630434782608696
1322.0	3.1630434782608696
1323.0	3.1621621621621623
1324.0	3.1621621621621623
1325.0	3.1621621621621623
1326.0	3.1666666666666665
1327.0	3.1666666666666665
1328.0	3.1666666666666665
1329.0	3.1666666666666665
1330.0	3.1666666666666665
1331.0	3.1666666666666665
1332.0	3.1666666666666665
1333.0	3.1666666666666665
1334.0	3.1666666666666665
1335.0	3.1666666666666665
1336.0	3.171122994652406
1337.0	3.171122994652406
1338.0	3.171122994652406
1339.0	3.171122994652406
1340.0	3.171122994652406
1341.0	3.171122994652406
1342.0	3.171122994652406
1343.0	3.171122994652406
1344.0	3.171122994652406
1345.0	3.171122994652406
1346.0	3.171122994652406
1347.0	3.171122994652406
1348.0	3.171122994652406
1349.0	3.171122994652406
1350.0	3.171122994652406
1351.0	3.171122994652406
1352.0	3.171122994652406
1353.0	3.171122994652406
1354.0	3.171122994652406
1355.0	3.171122994652406
1356.0	3.171122994652406
1357.0	3.171122994652406
1358.0	3.171122994652406
1359.0	3.171122994652406
1360.0	3.171122994652406
1361.0	3.171122994652406
1362.0	3.175531914893617
1363.0	3.175531914893617
1364.0	3.175531914893617
1365.0	3.175531914893617
1366.0	3.175531914893617
1367.0	3.175531914893617
1368.0	3.175531914893617
1369.0	3.175531914893617
1370.0	3.175531914893617
1371.0	3.175531914893617
1372.0	3.175531914893617
1373.0	3.175531914893617
1374.0	3.1746031746031744
1375.0	3.168421052631579
1376.0	3.168421052631579
1377.0	3.168421052631579
1378.0	3.1727748691099475
1379.0	3.1727748691099475
1380.0	3.1727748691099475
1381.0	3.1727748691099475
1382.0	3.1727748691099475
1383.0	3.1666666666666665
1384.0	3.1666666666666665
1385.0	3.150259067357513
1386.0	3.150259067357513
1387.0	3.150259067357513
1388.0	3.150259067357513
1389.0	3.150259067357513
1390.0	3.150259067357513
1391.0	3.150259067357513
1392.0	3.150259067357513
1393.0	3.150259067357513
1394.0	3.150259067357513
1395.0	3.150259067357513
1396.0	3.1443298969072164
1397.0	3.1443298969072164
1398.0	3.1443298969072164
1399.0	3.1443298969072164
1400.0	3.1435897435897435
1401.0	3.1435897435897435
1402.0	3.1435897435897435
1403.0	3.142857142857143
1404.0	3.142857142857143
1405.0	3.1421319796954315
1406.0	3.1421319796954315
1407.0	3.1421319796954315
1408.0	3.1421319796954315
1409.0	3.1414141414141414
1410.0	3.1457286432160805
1411.0	3.1457286432160805
1412.0	3.1457286432160805
1413.0	3.1457286432160805
1414.0	3.15
1415.0	3.15
1416.0	3.15
1417.0	3.15
1418.0	3.15
1419.0	3.15
1420.0	3.15
1421.0	3.15
1422.0	3.15
1423.0	3.15
1424.0	3.15
1425.0	3.15
1426.0	3.15
1427.0	3.15
1428.0	3.15
1429.0	3.15
1430.0	3.15
1431.0	3.15
1432.0	3.154228855721393
1433.0	3.154228855721393
1434.0	3.154228855721393
1435.0	3.154228855721393
1436.0	3.154228855721393
1437.0	3.154228855721393
1438.0	3.154228855721393
1439.0	3.154228855721393
1440.0	3.154228855721393
1441.0	3.154228855721393
1442.0	3.154228855721393
1443.0	3.154228855721393
1444.0	3.154228855721393
1445.0	3.154228855721393
1446.0	3.154228855721393
1447.0	3.154228855721393
1448.0	3.154228855721393
1449.0	3.154228855721393
1450.0	3.154228855721393
1451.0	3.154228855721393
1452.0	3.154228855721393
1453.0	3.154228855721393
1454.0	3.154228855721393
1455.0	3.154228855721393
1456.0	3.154228855721393
1457.0	3.1534653465346536
1458.0	3.1534653465346536
1459.0	3.1534653465346536
1460.0	3.1534653465346536
1461.0	3.1534653465346536
1462.0	3.1534653465346536
1463.0	3.1534653465346536
1464.0	3.1534653465346536
1465.0	3.1534653465346536
1466.0	3.1534653465346536
1467.0	3.1534653465346536
1468.0	3.1534653465346536
1469.0	3.1534653465346536
1470.0	3.1534653465346536
1471.0	3.1534653465346536
1472.0	3.1534653465346536
1473.0	3.1534653465346536
1474.0	3.1527093596059115
1475.0	3.1470588235294117
1476.0	3.1470588235294117
1477.0	3.1470588235294117
1478.0	3.1470588235294117
1479.0	3.151219512195122
1480.0	3.151219512195122
1481.0	3.151219512195122
1482.0	3.150485436893204
1483.0	3.1449275362318843
1484.0	3.144230769230769
1485.0	3.144230769230769
1486.0	3.144230769230769
1487.0	3.144230769230769
1488.0	3.144230769230769
1489.0	3.1435406698564594
1490.0	3.1435406698564594
1491.0	3.1476190476190475
1492.0	3.1476190476190475
1493.0	3.1476190476190475
1494.0	3.1476190476190475
1495.0	3.1516587677725116
1496.0	3.1516587677725116
1497.0	3.1516587677725116
1498.0	3.1516587677725116
1499.0	3.1556603773584904
1500.0	3.1556603773584904
1501.0	3.1556603773584904
1502.0	3.1556603773584904
1503.0	3.1556603773584904
1504.0	3.1556603773584904
1505.0	3.1556603773584904
1506.0	3.1556603773584904
1507.0	3.1556603773584904
1508.0	3.1556603773584904
1509.0	3.1556603773584904
1510.0	3.1556603773584904
1511.0	3.1556603773584904
1512.0	3.1556603773584904
1513.0	3.1556603773584904
1514.0	3.1556603773584904
1515.0	3.1556603773584904
1516.0	3.1556603773584904
1517.0	3.1556603773584904
1518.0	3.1556603773584904
1519.0	3.1556603773584904
1520.0	3.15962441314554
1521.0	3.15962441314554
1522.0	3.1588785046728973
1523.0	3.1588785046728973
1524.0	3.1588785046728973
1525.0	3.1588785046728973
1526.0	3.1588785046728973
1527.0	3.1627906976744184
1528.0	3.1627906976744184
1529.0	3.1666666666666665
1530.0	3.1666666666666665
1531.0	3.1666666666666665
1532.0	3.1666666666666665
1533.0	3.1666666666666665
1534.0	3.1666666666666665
1535.0	3.1666666666666665
1536.0	3.1666666666666665
1537.0	3.1666666666666665
1538.0	3.1666666666666665
1539.0	3.1666666666666665
1540.0	3.1666666666666665
1541.0	3.1666666666666665
1542.0	3.1666666666666665
1543.0	3.1666666666666665
1544.0	3.1666666666666665
1545.0	3.1666666666666665
1546.0	3.1666666666666665
1547.0	3.165898617511521
1548.0	3.165898617511521
1549.0	3.169724770642202
1550.0	3.169724770642202
1551.0	3.169724770642202
1552.0	3.164383561643836
1553.0	3.164383561643836
1554.0	3.164383561643836
1555.0	3.164383561643836
1556.0	3.164383561643836
1557.0	3.164383561643836
1558.0	3.164383561643836
1559.0	3.164383561643836
1560.0	3.164383561643836
1561.0	3.164383561643836
1562.0	3.164383561643836
1563.0	3.1636363636363636
1564.0	3.1636363636363636
1565.0	3.1636363636363636
1566.0	3.1636363636363636
1567.0	3.1636363636363636
1568.0	3.1636363636363636
1569.0	3.1636363636363636
1570.0	3.16289592760181
1571.0	3.1666666666666665
1572.0	3.1666666666666665
1573.0	3.1666666666666665
1574.0	3.1666666666666665
1575.0	3.1666666666666665
1576.0	3.1659192825112106
1577.0	3.1659192825112106
1578.0	3.1659192825112106
1579.0	3.1659192825112106
1580.0	3.1659192825112106
1581.0	3.1651785714285716
1582.0	3.1651785714285716
1583.0	3.1651785714285716
1584.0	3.1651785714285716
1585.0	3.1651785714285716
1586.0	3.1651785714285716
1587.0	3.16
1588.0	3.16
1589.0	3.15929203539823
1590.0	3.15929203539823
1591.0	3.15929203539823
1592.0	3.15929203539823
1593.0	3.15929203539823
1594.0	3.15929203539823
1595.0	3.15929203539823
1596.0	3.15929203539823
1597.0	3.15929203539823
1598.0	3.15929203539823
1599.0	3.15929203539823
1600.0	3.15929203539823
1601.0	3.15929203539823
1602.0	3.15929203539823
1603.0	3.15929203539823
1604.0	3.15929203539823
1605.0	3.15929203539823
1606.0	3.15929203539823
1607.0	3.1629955947136565
1608.0	3.1629955947136565
1609.0	3.162280701754386
1610.0	3.1615720524017465
1611.0	3.1615720524017465
1612.0	3.1615720524017465
1613.0	3.1615720524017465
1614.0	3.1615720524017465
1615.0	3.1615720524017465
1616.0	3.1615720524017465
1617.0	3.1615720524017465
1618.0	3.1615720524017465
1619.0	3.1615720524017465
1620.0	3.1615720524017465
1621.0	3.1615720524017465
1622.0	3.1608695652173915
1623.0	3.1645021645021645
1624.0	3.1645021645021645
1625.0	3.1645021645021645
1626.0	3.1645021645021645
1627.0	3.1645021645021645
1628.0	3.1645021645021645
1629.0	3.1645021645021645
1630.0	3.1645021645021645
1631.0	3.1645021645021645
1632.0	3.1645021645021645
1633.0	3.1645021645021645
1634.0	3.1645021645021645
1635.0	3.1645021645021645
1636.0	3.1645021645021645
1637.0	3.1645021645021645
1638.0	3.1645021645021645
1639.0	3.168103448275862
1640.0	3.168103448275862
1641.0	3.168103448275862
1642.0	3.168103448275862
1643.0	3.168103448275862
1644.0	3.168103448275862
1645.0	3.163090128755365
1646.0	3.163090128755365
1647.0	3.163090128755365
1648.0	3.163090128755365
1649.0	3.163090128755365
1650.0	3.163090128755365
1651.0	3.1666666666666665
1652.0	3.1666666666666665
1653.0	3.1666666666666665
1654.0	3.1666666666666665
1655.0	3.1666666666666665
1656.0	3.1666666666666665
1657.0	3.1666666666666665
1658.0	3.1666666666666665
1659.0	3.1666666666666665
1660.0	3.1666666666666665
1661.0	3.1666666666666665
1662.0	3.1666666666666665
1663.0	3.1659574468085108
1664.0	3.1659574468085108
1665.0	3.1659574468085108
1666.0	3.1659574468085108
1667.0	3.1659574468085108
1668.0	3.1659574468085108
1669.0	3.1652542372881354
1670.0	3.1652542372881354
1671.0	3.1652542372881354
1672.0	3.1652542372881354
1673.0	3.1652542372881354
1674.0	3.1652542372881354
1675.0	3.1652542372881354
1676.0	3.1652542372881354
1677.0	3.1652542372881354
1678.0	3.1645569620253164
1679.0	3.1645569620253164
1680.0	3.1645569620253164
1681.0	3.1645569620253164
1682.0	3.1645569620253164
1683.0	3.1645569620253164
1684.0	3.1645569620253164
1685.0	3.1645569620253164
1686.0	3.168067226890756
1687.0	3.168067226890756
1688.0	3.168067226890756
1689.0	3.168067226890756
1690.0	3.1715481171548117
1691.0	3.175
1692.0	3.1742738589211617
1693.0	3.1742738589211617
1694.0	3.1742738589211617
1695.0	3.1742738589211617
1696.0	3.1742738589211617
1697.0	3.177685950413223
1698.0	3.177685950413223
1699.0	3.177685950413223
1700.0	3.177685950413223
1701.0	3.177685950413223
1702.0	3.177685950413223
1703.0	3.177685950413223
1704.0	3.177685950413223
1705.0	3.177685950413223
1706.0	3.177685950413223
1707.0	3.1810699588477367
1708.0	3.1810699588477367
1709.0	3.1810699588477367
1710.0	3.1810699588477367
1711.0	3.1810699588477367
1712.0	3.1810699588477367
1713.0	3.1810699588477367
1714.0	3.1810699588477367
1715.0	3.180327868852459
1716.0	3.180327868852459
1717.0	3.180327868852459
1718.0	3.180327868852459
1719.0	3.180327868852459
1720.0	3.180327868852459
1721.0	3.180327868852459
1722.0	3.180327868852459
1723.0	3.183673469387755
1724.0	3.183673469387755
1725.0	3.183673469387755
1726.0	3.183673469387755
1727.0	3.183673469387755
1728.0	3.183673469387755
1729.0	3.183673469387755
1730.0	3.183673469387755
1731.0	3.183673469387755
1732.0	3.183673469387755
1733.0	3.183673469387755
1734.0	3.183673469387755
1735.0	3.183673469387755
1736.0	3.183673469387755
1737.0	3.182926829268293
1738.0	3.182926829268293
1739.0	3.182926829268293
1740.0	3.182926829268293
1741.0	3.182926829268293
1742.0	3.182926829268293
1743.0	3.1862348178137654
1744.0	3.181451612903226
1745.0	3.181451612903226
1746.0	3.181451612903226
1747.0	3.181451612903226
1748.0	3.181451612903226
1749.0	3.181451612903226
1750.0	3.181451612903226
1751.0	3.181451612903226
1752.0	3.181451612903226
1753.0	3.181451612903226
1754.0	3.181451612903226
1755.0	3.181451612903226
1756.0	3.181451612903226
1757.0	3.181451612903226
1758.0	3.181451612903226
1759.0	3.181451612903226
1760.0	3.180722891566265
1761.0	3.18
1762.0	3.18
1763.0	3.18
1764.0	3.18
1765.0	3.18
1766.0	3.18
1767.0	3.18
1768.0	3.18
1769.0	3.183266932270916
1770.0	3.183266932270916
1771.0	3.183266932270916
1772.0	3.183266932270916
1773.0	3.183266932270916
1774.0	3.183266932270916
1775.0	3.183266932270916
1776.0	3.1865079365079363
1777.0	3.1865079365079363
1778.0	3.1865079365079363
1779.0	3.1865079365079363
1780.0	3.1865079365079363
1781.0	3.1865079365079363
1782.0	3.185770750988142
1783.0	3.185770750988142
1784.0	3.185770750988142
1785.0	3.185770750988142
1786.0	3.185770750988142
1787.0	3.185770750988142
1788.0	3.185770750988142
1789.0	3.185770750988142
1790.0	3.1850393700787403
1791.0	3.1850393700787403
1792.0	3.1850393700787403
1793.0	3.1850393700787403
1794.0	3.1850393700787403
1795.0	3.1850393700787403
1796.0	3.1850393700787403
1797.0	3.1850393700787403
1798.0	3.1850393700787403
1799.0	3.1850393700787403
1800.0	3.1850393700787403
1801.0	3.1882352941176473
1802.0	3.1882352941176473
1803.0	3.1875
1804.0	3.1875
1805.0	3.1875
1806.0	3.1875
1807.0	3.190661478599222
1808.0	3.190661478599222
1809.0	3.190661478599222
1810.0	3.193798449612403
1811.0	3.193798449612403
1812.0	3.193798449612403
1813.0	3.193798449612403
1814.0	3.193798449612403
1815.0	3.193050193050193
1816.0	3.193050193050193
1817.0	3.193050193050193
1818.0	3.193050193050193
1819.0	3.1961538461538463
1820.0	3.1961538461538463
1821.0	3.1961538461538463
1822.0	3.1961538461538463
1823.0	3.1961538461538463
1824.0	3.1961538461538463
1825.0	3.1961538461538463
1826.0	3.1961538461538463
1827.0	3.1961538461538463
1828.0	3.1961538461538463
1829.0	3.1961538461538463
1830.0	3.1961538461538463
1831.0	3.1961538461538463
1832.0	3.1961538461538463
1833.0	3.1954022988505746
1834.0	3.1954022988505746
1835.0	3.1954022988505746
1836.0	3.198473282442748
1837.0	3.198473282442748
1838.0	3.198473282442748
1839.0	3.198473282442748
1840.0	3.198473282442748
1841.0	3.198473282442748
1842.0	3.198473282442748
1843.0	3.193916349809886
1844.0	3.193916349809886
1845.0	3.193916349809886
1846.0	3.1931818181818183
1847.0	3.1931818181818183
1848.0	3.1931818181818183
1849.0	3.1931818181818183
1850.0	3.1931818181818183
1851.0	3.1931818181818183
1852.0	3.1931818181818183
1853.0	3.1931818181818183
1854.0	3.1931818181818183
1855.0	3.1931818181818183
1856.0	3.1931818181818183
1857.0	3.1931818181818183
1858.0	3.1931818181818183
1859.0	3.1931818181818183
1860.0	3.1962264150943396
1861.0	3.1962264150943396
1862.0	3.1962264150943396
1863.0	3.191729323308271
1864.0	3.191729323308271
1865.0	3.194756554307116
1866.0	3.194756554307116
1867.0	3.194756554307116
1868.0	3.194756554307116
1869.0	3.194756554307116
1870.0	3.194756554307116
1871.0	3.194756554307116
1872.0	3.194756554307116
1873.0	3.194756554307116
1874.0	3.194756554307116
1875.0	3.194756554307116
1876.0	3.194756554307116
1877.0	3.194756554307116
1878.0	3.194756554307116
1879.0	3.194756554307116
1880.0	3.194756554307116
1881.0	3.194756554307116
1882.0	3.194756554307116
1883.0	3.194756554307116
1884.0	3.194756554307116
1885.0	3.1902985074626864
1886.0	3.1902985074626864
1887.0	3.1902985074626864
1888.0	3.1902985074626864
1889.0	3.1895910780669143
1890.0	3.1895910780669143
1891.0	3.1895910780669143
1892.0	3.1895910780669143
1893.0	3.1895910780669143
1894.0	3.1895910780669143
1895.0	3.1895910780669143
1896.0	3.188888888888889
1897.0	3.188888888888889
1898.0	3.188888888888889
1899.0	3.188888888888889
1900.0	3.188888888888889
1901.0	3.188888888888889
1902.0	3.188888888888889
1903.0	3.188888888888889
1904.0	3.188888888888889
1905.0	3.188888888888889
1906.0	3.188888888888889
1907.0	3.188888888888889
1908.0	3.188888888888889
1909.0	3.188888888888889
1910.0	3.188888888888889
1911.0	3.188888888888889
1912.0	3.188888888888889
1913.0	3.188888888888889
1914.0	3.188888888888889
1915.0	3.188888888888889
1916.0	3.188888888888889
1917.0	3.1918819188191883
1918.0	3.1918819188191883
1919.0	3.1918819188191883
1920.0	3.1918819188191883
1921.0	3.1918819188191883
1922.0	3.1918819188191883
1923.0	3.1918819188191883
1924.0	3.1918819188191883
1925.0	3.1918819188191883
1926.0	3.1918819188191883
