0.0	3.0
1.0	3.3333333333333335
2.0	3.2
3.0	3.5
4.0	3.4285714285714284
5.0	3.4285714285714284
6.0	3.4285714285714284
7.0	3.375
8.0	2.6875
9.0	2.6875
10.0	2.6875
11.0	2.6875
12.0	2.6875
13.0	2.6875
14.0	2.6875
15.0	2.6875
16.0	2.4210526315789473
17.0	2.409090909090909
18.0	2.409090909090909
19.0	2.409090909090909
20.0	2.6333333333333333
21.0	2.6333333333333333
22.0	2.6333333333333333
23.0	2.6333333333333333
24.0	2.59375
25.0	2.5277777777777777
26.0	2.5405405405405403
27.0	2.641025641025641
28.0	2.675
29.0	2.6341463414634148
30.0	2.6341463414634148
31.0	2.6341463414634148
32.0	2.7954545454545454
33.0	2.9166666666666665
34.0	2.9166666666666665
35.0	2.9166666666666665
36.0	2.92
37.0	2.92
38.0	2.92
39.0	2.92
40.0	2.92
41.0	2.92
42.0	2.92
43.0	2.92
44.0	2.92
45.0	2.92
46.0	2.92
47.0	3.0
48.0	3.0
49.0	3.0
50.0	3.0
51.0	3.0
52.0	3.0
53.0	3.0
54.0	3.0
55.0	3.0
56.0	3.0
57.0	3.0
58.0	3.0
59.0	3.0
60.0	3.0
61.0	3.0
62.0	3.0
63.0	3.0
64.0	2.890909090909091
65.0	2.890909090909091
66.0	2.890909090909091
67.0	2.890909090909091
68.0	2.890909090909091
69.0	2.890909090909091
70.0	2.890909090909091
71.0	2.890909090909091
72.0	2.890909090909091
73.0	2.890909090909091
74.0	2.890909090909091
75.0	2.875
76.0	2.875
77.0	2.875
78.0	2.875
79.0	2.8421052631578947
80.0	2.8983050847457625
81.0	2.9
82.0	2.9
83.0	2.901639344262295
84.0	2.903225806451613
85.0	2.903225806451613
86.0	2.923076923076923
87.0	2.909090909090909
88.0	2.8955223880597014
89.0	2.8955223880597014
90.0	2.8955223880597014
91.0	2.8955223880597014
92.0	2.8955223880597014
93.0	2.8955223880597014
94.0	2.8955223880597014
95.0	2.816901408450704
96.0	2.816901408450704
97.0	2.816901408450704
98.0	2.816901408450704
99.0	2.8493150684931505
100.0	2.721518987341772
101.0	2.721518987341772
102.0	2.721518987341772
103.0	2.731707317073171
104.0	2.7613636363636362
105.0	2.7613636363636362
106.0	2.8260869565217392
107.0	2.8297872340425534
108.0	2.8762886597938144
109.0	2.8686868686868685
110.0	2.8686868686868685
111.0	2.825242718446602
112.0	2.826923076923077
113.0	2.8411214953271027
114.0	2.772727272727273
115.0	2.772727272727273
116.0	2.772727272727273
117.0	2.772727272727273
118.0	2.772727272727273
119.0	2.6991150442477876
120.0	2.6842105263157894
121.0	2.6695652173913045
122.0	2.6724137931034484
123.0	2.6666666666666665
124.0	2.6666666666666665
125.0	2.6666666666666665
126.0	2.6666666666666665
127.0	2.6666666666666665
128.0	2.6666666666666665
129.0	2.6666666666666665
130.0	2.6666666666666665
131.0	2.6666666666666665
132.0	2.6666666666666665
133.0	2.6666666666666665
134.0	2.677685950413223
135.0	2.69672131147541
136.0	2.69672131147541
137.0	2.69672131147541
138.0	2.69672131147541
139.0	2.69672131147541
140.0	2.7154471544715446
141.0	2.7338709677419355
142.0	2.72
143.0	2.7222222222222223
144.0	2.7578125
145.0	2.792307692307692
146.0	2.8181818181818183
147.0	2.828358208955224
148.0	2.8455882352941178
149.0	2.869565217391304
150.0	2.869565217391304
151.0	2.869565217391304
152.0	2.869565217391304
153.0	2.869565217391304
154.0	2.884892086330935
155.0	2.884892086330935
156.0	2.884892086330935
157.0	2.884892086330935
158.0	2.9078014184397163
159.0	2.924137931034483
160.0	2.9383561643835616
161.0	2.9523809523809526
162.0	2.986754966887417
163.0	2.986754966887417
164.0	2.968152866242038
165.0	3.01840490797546
166.0	3.018181818181818
167.0	3.0118343195266273
168.0	3.023529411764706
169.0	3.0113636363636362
170.0	2.9945054945054945
171.0	3.0
172.0	3.0
173.0	3.0
174.0	3.0054054054054054
175.0	3.0054054054054054
176.0	3.0054054054054054
177.0	3.0054054054054054
178.0	2.984126984126984
179.0	2.984126984126984
180.0	2.9894736842105263
181.0	3.0
182.0	3.010362694300518
183.0	3.015463917525773
184.0	3.025252525252525
185.0	3.025252525252525
186.0	3.025252525252525
187.0	3.025252525252525
188.0	3.025252525252525
189.0	3.025252525252525
190.0	3.025252525252525
191.0	3.04
192.0	3.0348258706467663
193.0	3.0445544554455446
194.0	3.0445544554455446
195.0	3.0492610837438425
196.0	3.033980582524272
197.0	3.033816425120773
198.0	3.033816425120773
199.0	3.033816425120773
200.0	3.033816425120773
201.0	3.033816425120773
202.0	3.0476190476190474
203.0	3.0476190476190474
204.0	3.052132701421801
205.0	3.047169811320755
206.0	3.047169811320755
207.0	3.047169811320755
208.0	3.013888888888889
209.0	3.013888888888889
210.0	3.0092165898617513
211.0	3.0
212.0	2.990990990990991
213.0	2.986607142857143
214.0	2.986607142857143
215.0	2.9911894273127753
216.0	3.0
217.0	3.004366812227074
218.0	3.004366812227074
219.0	2.9871244635193133
220.0	2.9871244635193133
221.0	2.9871244635193133
222.0	2.9829787234042553
223.0	3.025
224.0	3.0080971659919027
225.0	3.003968253968254
226.0	3.003968253968254
227.0	3.003968253968254
228.0	3.003968253968254
229.0	3.003968253968254
230.0	3.003968253968254
231.0	3.003968253968254
232.0	3.003968253968254
233.0	3.003968253968254
234.0	3.003968253968254
235.0	3.003968253968254
236.0	3.003968253968254
237.0	3.003968253968254
238.0	3.003968253968254
239.0	3.003968253968254
240.0	3.003968253968254
241.0	2.9961089494163424
242.0	3.003846153846154
243.0	3.003846153846154
244.0	3.0114942528735633
245.0	3.0114942528735633
246.0	3.018939393939394
247.0	3.022222222222222
248.0	3.04014598540146
249.0	3.046931407942238
250.0	3.046931407942238
251.0	3.0467625899280577
252.0	3.0467625899280577
253.0	3.0604982206405693
254.0	3.0602836879432624
255.0	3.0602836879432624
256.0	3.0602836879432624
257.0	3.0602836879432624
258.0	3.0602836879432624
259.0	3.0602836879432624
260.0	3.0602836879432624
261.0	3.0636042402826855
262.0	3.0636042402826855
263.0	3.0704225352112675
264.0	3.0704225352112675
265.0	3.07719298245614
266.0	3.07719298245614
267.0	3.07719298245614
268.0	3.07719298245614
269.0	3.07719298245614
270.0	3.076923076923077
271.0	3.076923076923077
272.0	3.076923076923077
273.0	3.076923076923077
274.0	3.076923076923077
275.0	3.0801393728222997
276.0	3.0547945205479454
277.0	3.0547945205479454
278.0	3.061224489795918
279.0	3.061224489795918
280.0	3.061224489795918
281.0	3.061224489795918
282.0	3.0472972972972974
283.0	3.0472972972972974
284.0	3.0472972972972974
285.0	3.00990099009901
286.0	3.00990099009901
287.0	3.00990099009901
288.0	3.00990099009901
289.0	3.00990099009901
290.0	3.00990099009901
291.0	3.0229508196721313
292.0	3.0229508196721313
293.0	3.022875816993464
294.0	3.0064724919093853
295.0	3.0064724919093853
296.0	3.0064724919093853
297.0	3.0064724919093853
298.0	3.0064724919093853
299.0	3.0064724919093853
300.0	3.0064724919093853
301.0	3.0064724919093853
302.0	3.0096153846153846
303.0	3.0096153846153846
304.0	3.0096153846153846
305.0	3.0096153846153846
306.0	3.0096153846153846
307.0	3.0096153846153846
308.0	3.0096153846153846
309.0	3.0096153846153846
310.0	3.0096153846153846
311.0	3.0096153846153846
312.0	3.0096153846153846
313.0	3.0096153846153846
314.0	3.0096153846153846
315.0	3.0096153846153846
316.0	3.0096153846153846
317.0	3.0096153846153846
318.0	3.0096153846153846
319.0	3.0096153846153846
320.0	3.0096153846153846
321.0	3.0096153846153846
322.0	3.0096153846153846
323.0	3.0096153846153846
324.0	3.0096153846153846
325.0	3.0096153846153846
326.0	3.0096153846153846
327.0	3.0096153846153846
328.0	3.0096153846153846
329.0	3.0096153846153846
330.0	3.0096153846153846
331.0	2.996825396825397
332.0	3.0
333.0	3.0
334.0	2.981424148606811
335.0	2.981424148606811
336.0	2.981424148606811
337.0	2.981424148606811
338.0	2.9574468085106385
339.0	2.9574468085106385
340.0	2.9574468085106385
341.0	2.9574468085106385
342.0	2.9574468085106385
343.0	2.9574468085106385
344.0	2.9574468085106385
345.0	2.9574468085106385
346.0	2.9574468085106385
347.0	2.9574468085106385
348.0	2.9574468085106385
349.0	2.9574468085106385
350.0	2.9637462235649545
351.0	2.963855421686747
352.0	2.963855421686747
353.0	2.963855421686747
354.0	2.957957957957958
355.0	2.957957957957958
356.0	2.957957957957958
357.0	2.957957957957958
358.0	2.957957957957958
359.0	2.957957957957958
360.0	2.957957957957958
361.0	2.957957957957958
362.0	2.9520958083832336
363.0	2.9520958083832336
364.0	2.9520958083832336
365.0	2.9520958083832336
366.0	2.9520958083832336
367.0	2.949404761904762
368.0	2.949404761904762
369.0	2.949554896142433
370.0	2.949554896142433
371.0	2.949554896142433
372.0	2.949554896142433
373.0	2.949554896142433
374.0	2.949554896142433
375.0	2.9676470588235295
376.0	2.9676470588235295
377.0	2.9676470588235295
378.0	2.9766081871345027
379.0	2.9766081871345027
380.0	2.9766081871345027
381.0	2.9738372093023258
382.0	2.9738372093023258
383.0	2.9738372093023258
384.0	2.9738372093023258
385.0	2.9738372093023258
386.0	2.9738372093023258
387.0	2.9738372093023258
388.0	2.9738372093023258
389.0	2.9738372093023258
390.0	2.9738372093023258
391.0	2.9738372093023258
392.0	2.9738372093023258
393.0	2.9738372093023258
394.0	2.9738372093023258
395.0	2.9738372093023258
396.0	2.9738372093023258
397.0	2.9738372093023258
398.0	2.9738372093023258
399.0	2.9738372093023258
400.0	2.96242774566474
401.0	2.982905982905983
402.0	2.977272727272727
403.0	2.977272727272727
404.0	2.977272727272727
405.0	2.977272727272727
406.0	2.977272727272727
407.0	2.977272727272727
408.0	2.977272727272727
409.0	2.983050847457627
410.0	2.983050847457627
411.0	2.983050847457627
412.0	2.983050847457627
413.0	2.983050847457627
414.0	2.983050847457627
415.0	2.983050847457627
416.0	2.983050847457627
417.0	2.983050847457627
418.0	2.983050847457627
419.0	2.983050847457627
420.0	2.983050847457627
421.0	2.980281690140845
422.0	2.980281690140845
423.0	2.980281690140845
424.0	2.980281690140845
425.0	2.985955056179775
426.0	2.9859943977591037
427.0	2.9859943977591037
428.0	2.9859943977591037
429.0	2.9804469273743015
430.0	2.9804469273743015
431.0	2.9804469273743015
432.0	2.9804469273743015
433.0	2.9804469273743015
434.0	2.9804469273743015
435.0	2.9804469273743015
436.0	2.9804469273743015
437.0	2.9804469273743015
438.0	2.9804469273743015
439.0	2.96398891966759
440.0	2.96398891966759
441.0	2.947802197802198
442.0	2.947802197802198
443.0	2.947802197802198
444.0	2.9424657534246577
445.0	2.9424657534246577
446.0	2.9424657534246577
447.0	2.9424657534246577
448.0	2.9424657534246577
449.0	2.9424657534246577
450.0	2.9424657534246577
451.0	2.9424657534246577
452.0	2.9424657534246577
453.0	2.9424657534246577
454.0	2.9424657534246577
455.0	2.9424657534246577
456.0	2.9424657534246577
457.0	2.9424657534246577
458.0	2.9424657534246577
459.0	2.9424657534246577
460.0	2.9400544959128063
461.0	2.943396226415094
462.0	2.943396226415094
463.0	2.943396226415094
464.0	2.943396226415094
465.0	2.943396226415094
466.0	2.943396226415094
467.0	2.943396226415094
468.0	2.943396226415094
469.0	2.943396226415094
470.0	2.943396226415094
471.0	2.943396226415094
472.0	2.943396226415094
473.0	2.9383378016085793
474.0	2.9283819628647216
475.0	2.9283819628647216
476.0	2.936675461741425
477.0	2.936675461741425
478.0	2.945026178010471
479.0	2.945026178010471
480.0	2.950391644908616
481.0	2.950391644908616
482.0	2.9557291666666665
483.0	2.9557291666666665
484.0	2.9557291666666665
485.0	2.9557291666666665
486.0	2.9557291666666665
487.0	2.9557291666666665
488.0	2.9558441558441557
489.0	2.9558441558441557
490.0	2.9558441558441557
491.0	2.9558441558441557
492.0	2.9558441558441557
493.0	2.9558441558441557
494.0	2.9558441558441557
495.0	2.9558441558441557
496.0	2.9558441558441557
497.0	2.9558441558441557
498.0	2.9558441558441557
499.0	2.9558441558441557
500.0	2.930591259640103
501.0	2.930591259640103
502.0	2.930591259640103
503.0	2.930591259640103
504.0	2.930591259640103
505.0	2.930591259640103
506.0	2.930591259640103
507.0	2.930591259640103
508.0	2.930591259640103
509.0	2.930591259640103
510.0	2.930591259640103
511.0	2.930591259640103
512.0	2.9183673469387754
513.0	2.9183673469387754
514.0	2.9183673469387754
515.0	2.9037974683544303
516.0	2.9037974683544303
517.0	2.9037974683544303
518.0	2.9037974683544303
519.0	2.9037974683544303
520.0	2.9037974683544303
521.0	2.9037974683544303
522.0	2.9037974683544303
523.0	2.9037974683544303
524.0	2.9037974683544303
525.0	2.9037974683544303
526.0	2.9037974683544303
527.0	2.9037974683544303
528.0	2.9037974683544303
529.0	2.9047619047619047
530.0	2.9047619047619047
531.0	2.9047619047619047
532.0	2.8790123456790124
533.0	2.8790123456790124
534.0	2.8842364532019706
535.0	2.8902439024390243
536.0	2.8856447688564475
537.0	2.8856447688564475
538.0	2.8856447688564475
539.0	2.8856447688564475
540.0	2.8856447688564475
541.0	2.8907766990291264
542.0	2.887019230769231
543.0	2.887019230769231
544.0	2.887019230769231
545.0	2.887019230769231
546.0	2.887019230769231
547.0	2.887019230769231
548.0	2.887019230769231
549.0	2.887019230769231
550.0	2.887019230769231
551.0	2.883054892601432
552.0	2.883054892601432
553.0	2.883054892601432
554.0	2.883054892601432
555.0	2.883054892601432
556.0	2.883054892601432
557.0	2.883054892601432
558.0	2.883054892601432
559.0	2.883054892601432
560.0	2.883054892601432
561.0	2.883054892601432
562.0	2.883054892601432
563.0	2.883054892601432
564.0	2.883054892601432
565.0	2.883054892601432
566.0	2.883054892601432
567.0	2.883054892601432
568.0	2.883054892601432
569.0	2.883054892601432
570.0	2.876190476190476
571.0	2.8696682464454977
572.0	2.8608490566037736
573.0	2.8608490566037736
574.0	2.8661971830985915
575.0	2.8661971830985915
576.0	2.864485981308411
577.0	2.853488372093023
578.0	2.838709677419355
579.0	2.838709677419355
580.0	2.838709677419355
581.0	2.838709677419355
582.0	2.839080459770115
583.0	2.839080459770115
584.0	2.8375286041189933
585.0	2.8378995433789953
586.0	2.8428246013667424
587.0	2.835214446952596
588.0	2.8355855855855854
589.0	2.8355855855855854
590.0	2.8344519015659957
591.0	2.8344519015659957
592.0	2.8344519015659957
593.0	2.8244444444444445
594.0	2.8244444444444445
595.0	2.8244444444444445
596.0	2.8101545253863134
597.0	2.8101545253863134
598.0	2.8101545253863134
599.0	2.8131868131868134
600.0	2.8131868131868134
601.0	2.8209606986899565
602.0	2.8209606986899565
603.0	2.8209606986899565
604.0	2.8185745140388767
605.0	2.832618025751073
606.0	2.832618025751073
607.0	2.8308351177730193
608.0	2.8308351177730193
609.0	2.8308351177730193
610.0	2.8308351177730193
611.0	2.8308351177730193
612.0	2.8251599147121533
613.0	2.819532908704883
614.0	2.819532908704883
615.0	2.819532908704883
616.0	2.819532908704883
617.0	2.819532908704883
618.0	2.808016877637131
619.0	2.808016877637131
620.0	2.808016877637131
621.0	2.808016877637131
622.0	2.808016877637131
623.0	2.808016877637131
624.0	2.808016877637131
625.0	2.808016877637131
626.0	2.783333333333333
627.0	2.783333333333333
628.0	2.783333333333333
629.0	2.7780082987551866
630.0	2.7780082987551866
631.0	2.7613168724279835
632.0	2.7613168724279835
633.0	2.7613168724279835
634.0	2.7613168724279835
635.0	2.7613168724279835
636.0	2.7613168724279835
637.0	2.7613168724279835
638.0	2.7613168724279835
639.0	2.7613168724279835
640.0	2.7613168724279835
641.0	2.757700205338809
642.0	2.7602459016393444
643.0	2.756646216768916
644.0	2.7657841140529533
645.0	2.760649087221095
646.0	2.7611336032388665
647.0	2.757575757575758
648.0	2.750503018108652
649.0	2.748995983935743
650.0	2.74749498997996
651.0	2.744
652.0	2.7425149700598803
653.0	2.745019920318725
654.0	2.745019920318725
655.0	2.745019920318725
656.0	2.745019920318725
