0.0	5.0
1.0	5.0
2.0	5.0
3.0	5.0
4.0	5.0
5.0	5.0
6.0	4.0
7.0	4.0
8.0	4.0
9.0	4.0
10.0	4.0
11.0	4.0
12.0	4.0
13.0	4.0
14.0	4.0
15.0	4.0
16.0	4.0
17.0	4.0
18.0	4.0
19.0	4.0
20.0	4.0
21.0	4.0
22.0	4.0
23.0	4.0
24.0	3.2
25.0	3.2
26.0	3.2
27.0	3.2
28.0	3.2
29.0	3.2
30.0	3.3333333333333335
31.0	3.3333333333333335
32.0	3.3333333333333335
33.0	3.3333333333333335
34.0	3.3333333333333335
35.0	3.3333333333333335
36.0	3.4285714285714284
37.0	3.4285714285714284
38.0	3.4285714285714284
39.0	3.4285714285714284
40.0	3.4285714285714284
41.0	3.4285714285714284
42.0	3.625
43.0	3.625
44.0	3.625
45.0	3.625
46.0	3.625
47.0	3.625
48.0	3.5555555555555554
49.0	3.5555555555555554
50.0	3.5555555555555554
51.0	3.5555555555555554
52.0	3.5555555555555554
53.0	3.5555555555555554
54.0	3.7
55.0	3.7
56.0	3.7
57.0	3.7
58.0	3.7
59.0	3.7
60.0	3.8181818181818183
61.0	3.8181818181818183
62.0	3.8181818181818183
63.0	3.8181818181818183
64.0	3.8181818181818183
65.0	3.8181818181818183
66.0	3.9166666666666665
67.0	3.9166666666666665
68.0	3.9166666666666665
69.0	3.9166666666666665
70.0	3.9166666666666665
71.0	3.9166666666666665
72.0	3.8461538461538463
73.0	3.8461538461538463
74.0	3.8461538461538463
75.0	3.8461538461538463
76.0	3.8461538461538463
77.0	3.8461538461538463
78.0	3.9285714285714284
79.0	3.9285714285714284
80.0	3.9285714285714284
81.0	3.9285714285714284
82.0	3.9285714285714284
83.0	3.9285714285714284
84.0	4.0
85.0	4.0
86.0	4.0
87.0	4.0
88.0	4.0
89.0	4.0
90.0	4.0625
91.0	4.0625
92.0	4.0625
93.0	4.0625
94.0	4.0625
95.0	4.0625
96.0	4.117647058823529
97.0	4.117647058823529
98.0	4.117647058823529
99.0	4.117647058823529
100.0	4.117647058823529
101.0	4.117647058823529
102.0	4.111111111111111
103.0	4.111111111111111
104.0	4.111111111111111
105.0	4.111111111111111
106.0	4.111111111111111
107.0	4.111111111111111
108.0	4.105263157894737
109.0	4.105263157894737
110.0	4.105263157894737
111.0	4.105263157894737
112.0	4.105263157894737
113.0	4.105263157894737
114.0	4.1
115.0	4.1
116.0	4.1
117.0	4.1
118.0	4.1
119.0	4.1
120.0	4.095238095238095
121.0	4.095238095238095
122.0	4.095238095238095
123.0	4.095238095238095
124.0	4.095238095238095
125.0	4.095238095238095
126.0	4.045454545454546
127.0	4.045454545454546
128.0	4.045454545454546
129.0	4.045454545454546
130.0	4.045454545454546
131.0	4.045454545454546
132.0	3.869565217391304
133.0	3.869565217391304
134.0	3.869565217391304
135.0	3.869565217391304
136.0	3.869565217391304
137.0	3.869565217391304
138.0	3.8333333333333335
139.0	3.8333333333333335
140.0	3.8333333333333335
141.0	3.8333333333333335
142.0	3.8333333333333335
143.0	3.8333333333333335
144.0	3.84
145.0	3.84
146.0	3.84
147.0	3.84
148.0	3.84
149.0	3.84
150.0	3.6923076923076925
151.0	3.6923076923076925
152.0	3.6923076923076925
153.0	3.6923076923076925
154.0	3.6923076923076925
155.0	3.6923076923076925
156.0	3.740740740740741
157.0	3.740740740740741
158.0	3.740740740740741
159.0	3.740740740740741
160.0	3.740740740740741
161.0	3.740740740740741
162.0	3.75
163.0	3.75
164.0	3.75
165.0	3.75
166.0	3.75
167.0	3.75
168.0	3.793103448275862
169.0	3.793103448275862
170.0	3.793103448275862
171.0	3.793103448275862
172.0	3.793103448275862
173.0	3.793103448275862
174.0	3.8333333333333335
175.0	3.8333333333333335
176.0	3.8333333333333335
177.0	3.8333333333333335
178.0	3.8333333333333335
179.0	3.8333333333333335
180.0	3.870967741935484
181.0	3.870967741935484
182.0	3.870967741935484
183.0	3.870967741935484
184.0	3.870967741935484
185.0	3.870967741935484
186.0	3.75
187.0	3.75
188.0	3.75
189.0	3.75
190.0	3.75
191.0	3.75
192.0	3.787878787878788
193.0	3.787878787878788
194.0	3.787878787878788
195.0	3.787878787878788
196.0	3.787878787878788
197.0	3.787878787878788
198.0	3.823529411764706
199.0	3.823529411764706
200.0	3.823529411764706
201.0	3.823529411764706
202.0	3.823529411764706
203.0	3.823529411764706
204.0	3.8285714285714287
205.0	3.8285714285714287
206.0	3.8285714285714287
207.0	3.8285714285714287
208.0	3.8285714285714287
209.0	3.8285714285714287
210.0	3.861111111111111
211.0	3.861111111111111
212.0	3.861111111111111
213.0	3.861111111111111
214.0	3.861111111111111
215.0	3.861111111111111
216.0	3.864864864864865
217.0	3.864864864864865
218.0	3.864864864864865
219.0	3.864864864864865
220.0	3.864864864864865
221.0	3.864864864864865
222.0	3.8947368421052633
223.0	3.8947368421052633
224.0	3.8947368421052633
225.0	3.8947368421052633
226.0	3.8947368421052633
227.0	3.8947368421052633
228.0	3.923076923076923
229.0	3.923076923076923
230.0	3.923076923076923
231.0	3.923076923076923
232.0	3.923076923076923
233.0	3.923076923076923
234.0	3.825
235.0	3.825
236.0	3.825
237.0	3.825
238.0	3.825
239.0	3.825
240.0	3.8292682926829267
241.0	3.8292682926829267
242.0	3.8292682926829267
243.0	3.8292682926829267
244.0	3.8292682926829267
245.0	3.8292682926829267
246.0	3.8095238095238093
247.0	3.8095238095238093
248.0	3.8095238095238093
249.0	3.8095238095238093
250.0	3.8095238095238093
251.0	3.8095238095238093
252.0	3.8372093023255816
253.0	3.8372093023255816
254.0	3.8372093023255816
255.0	3.8372093023255816
256.0	3.8372093023255816
257.0	3.8372093023255816
258.0	3.840909090909091
259.0	3.840909090909091
260.0	3.840909090909091
261.0	3.840909090909091
262.0	3.840909090909091
263.0	3.840909090909091
264.0	3.8666666666666667
265.0	3.8666666666666667
266.0	3.8666666666666667
267.0	3.8666666666666667
268.0	3.8666666666666667
269.0	3.8666666666666667
270.0	3.782608695652174
271.0	3.782608695652174
272.0	3.782608695652174
273.0	3.782608695652174
274.0	3.782608695652174
275.0	3.782608695652174
276.0	3.7872340425531914
277.0	3.7872340425531914
278.0	3.7872340425531914
279.0	3.7872340425531914
280.0	3.7872340425531914
281.0	3.7872340425531914
282.0	3.7291666666666665
283.0	3.7291666666666665
284.0	3.7291666666666665
285.0	3.7291666666666665
286.0	3.7291666666666665
287.0	3.7291666666666665
288.0	3.7346938775510203
289.0	3.7346938775510203
290.0	3.7346938775510203
291.0	3.7346938775510203
292.0	3.7346938775510203
293.0	3.7346938775510203
294.0	3.76
295.0	3.76
296.0	3.76
297.0	3.76
298.0	3.76
299.0	3.76
300.0	3.784313725490196
301.0	3.784313725490196
302.0	3.784313725490196
303.0	3.784313725490196
304.0	3.784313725490196
305.0	3.784313725490196
306.0	3.8076923076923075
307.0	3.8076923076923075
308.0	3.8076923076923075
309.0	3.8076923076923075
310.0	3.8076923076923075
311.0	3.8076923076923075
312.0	3.7358490566037736
313.0	3.7358490566037736
314.0	3.7358490566037736
315.0	3.7358490566037736
316.0	3.7358490566037736
317.0	3.7358490566037736
318.0	3.759259259259259
319.0	3.759259259259259
320.0	3.759259259259259
321.0	3.759259259259259
322.0	3.759259259259259
323.0	3.759259259259259
324.0	3.7636363636363637
325.0	3.7636363636363637
326.0	3.7636363636363637
327.0	3.7636363636363637
328.0	3.7636363636363637
329.0	3.7636363636363637
330.0	3.6964285714285716
331.0	3.6964285714285716
332.0	3.6964285714285716
333.0	3.6964285714285716
334.0	3.6964285714285716
335.0	3.6964285714285716
336.0	3.719298245614035
337.0	3.719298245614035
338.0	3.719298245614035
339.0	3.719298245614035
340.0	3.719298245614035
341.0	3.719298245614035
342.0	3.7413793103448274
343.0	3.7413793103448274
344.0	3.7413793103448274
345.0	3.7413793103448274
346.0	3.7413793103448274
347.0	3.7413793103448274
348.0	3.76271186440678
349.0	3.76271186440678
350.0	3.76271186440678
351.0	3.76271186440678
352.0	3.76271186440678
353.0	3.76271186440678
354.0	3.783333333333333
355.0	3.783333333333333
356.0	3.783333333333333
357.0	3.783333333333333
358.0	3.783333333333333
359.0	3.783333333333333
360.0	3.80327868852459
361.0	3.80327868852459
362.0	3.80327868852459
363.0	3.80327868852459
364.0	3.80327868852459
365.0	3.80327868852459
366.0	3.8225806451612905
367.0	3.8225806451612905
368.0	3.8225806451612905
369.0	3.8225806451612905
370.0	3.8225806451612905
371.0	3.8225806451612905
372.0	3.8412698412698414
373.0	3.8412698412698414
374.0	3.8412698412698414
375.0	3.8412698412698414
376.0	3.8412698412698414
377.0	3.8412698412698414
378.0	3.859375
379.0	3.859375
380.0	3.859375
381.0	3.859375
382.0	3.859375
383.0	3.859375
384.0	3.876923076923077
385.0	3.876923076923077
386.0	3.876923076923077
387.0	3.876923076923077
388.0	3.876923076923077
389.0	3.876923076923077
390.0	3.8636363636363638
391.0	3.8636363636363638
392.0	3.8636363636363638
393.0	3.8636363636363638
394.0	3.8636363636363638
395.0	3.8636363636363638
396.0	3.8805970149253732
397.0	3.8805970149253732
398.0	3.8805970149253732
399.0	3.8805970149253732
400.0	3.8805970149253732
401.0	3.8805970149253732
402.0	3.8970588235294117
403.0	3.8970588235294117
404.0	3.8970588235294117
405.0	3.8970588235294117
406.0	3.8970588235294117
407.0	3.8970588235294117
408.0	3.9130434782608696
409.0	3.9130434782608696
410.0	3.9130434782608696
411.0	3.9130434782608696
412.0	3.9130434782608696
413.0	3.9130434782608696
414.0	3.9285714285714284
415.0	3.9285714285714284
416.0	3.9285714285714284
417.0	3.9285714285714284
418.0	3.9285714285714284
419.0	3.9285714285714284
420.0	3.943661971830986
421.0	3.943661971830986
422.0	3.943661971830986
423.0	3.943661971830986
424.0	3.943661971830986
425.0	3.943661971830986
426.0	3.9583333333333335
427.0	3.9583333333333335
428.0	3.9583333333333335
429.0	3.9583333333333335
430.0	3.9583333333333335
431.0	3.9583333333333335
432.0	3.9726027397260273
433.0	3.9726027397260273
434.0	3.9726027397260273
435.0	3.9726027397260273
436.0	3.9726027397260273
437.0	3.9726027397260273
438.0	3.972972972972973
439.0	3.972972972972973
440.0	3.972972972972973
441.0	3.972972972972973
442.0	3.972972972972973
443.0	3.972972972972973
444.0	3.92
445.0	3.92
446.0	3.92
447.0	3.92
448.0	3.92
449.0	3.92
450.0	3.9342105263157894
451.0	3.9342105263157894
452.0	3.9342105263157894
453.0	3.9342105263157894
454.0	3.9342105263157894
455.0	3.9342105263157894
456.0	3.9220779220779223
457.0	3.9220779220779223
458.0	3.9220779220779223
459.0	3.9220779220779223
460.0	3.9220779220779223
461.0	3.9220779220779223
462.0	3.923076923076923
463.0	3.923076923076923
464.0	3.923076923076923
465.0	3.923076923076923
466.0	3.923076923076923
467.0	3.923076923076923
468.0	3.9367088607594938
469.0	3.9367088607594938
470.0	3.9367088607594938
471.0	3.9367088607594938
472.0	3.9367088607594938
473.0	3.9367088607594938
474.0	3.95
475.0	3.95
476.0	3.95
477.0	3.95
478.0	3.95
479.0	3.95
480.0	3.962962962962963
481.0	3.962962962962963
482.0	3.962962962962963
483.0	3.962962962962963
484.0	3.962962962962963
485.0	3.962962962962963
486.0	3.975609756097561
487.0	3.975609756097561
488.0	3.975609756097561
489.0	3.975609756097561
490.0	3.975609756097561
491.0	3.975609756097561
492.0	3.927710843373494
493.0	3.927710843373494
494.0	3.927710843373494
495.0	3.927710843373494
496.0	3.927710843373494
497.0	3.927710843373494
498.0	3.880952380952381
499.0	3.880952380952381
500.0	3.880952380952381
501.0	3.880952380952381
502.0	3.880952380952381
503.0	3.880952380952381
504.0	3.8705882352941177
505.0	3.8705882352941177
506.0	3.8705882352941177
507.0	3.8705882352941177
508.0	3.8705882352941177
509.0	3.8705882352941177
510.0	3.883720930232558
511.0	3.883720930232558
512.0	3.883720930232558
513.0	3.883720930232558
514.0	3.883720930232558
515.0	3.883720930232558
516.0	3.839080459770115
517.0	3.839080459770115
518.0	3.839080459770115
519.0	3.839080459770115
520.0	3.839080459770115
521.0	3.839080459770115
522.0	3.852272727272727
523.0	3.852272727272727
524.0	3.852272727272727
525.0	3.852272727272727
526.0	3.852272727272727
527.0	3.852272727272727
528.0	3.842696629213483
529.0	3.842696629213483
530.0	3.842696629213483
531.0	3.842696629213483
532.0	3.842696629213483
533.0	3.842696629213483
534.0	3.8333333333333335
535.0	3.8333333333333335
536.0	3.8333333333333335
537.0	3.8333333333333335
538.0	3.8333333333333335
539.0	3.8333333333333335
540.0	3.8461538461538463
541.0	3.8461538461538463
542.0	3.8461538461538463
543.0	3.8461538461538463
544.0	3.8461538461538463
545.0	3.8461538461538463
546.0	3.8369565217391304
547.0	3.8369565217391304
548.0	3.8369565217391304
549.0	3.8369565217391304
550.0	3.8369565217391304
551.0	3.8369565217391304
552.0	3.849462365591398
553.0	3.849462365591398
554.0	3.849462365591398
555.0	3.849462365591398
556.0	3.849462365591398
557.0	3.849462365591398
558.0	3.8617021276595747
559.0	3.8617021276595747
560.0	3.8617021276595747
561.0	3.8617021276595747
562.0	3.8617021276595747
563.0	3.8617021276595747
564.0	3.8210526315789473
565.0	3.8210526315789473
566.0	3.8210526315789473
567.0	3.8210526315789473
568.0	3.8210526315789473
569.0	3.8210526315789473
570.0	3.8125
571.0	3.8125
572.0	3.8125
573.0	3.8125
574.0	3.8125
575.0	3.8125
576.0	3.8247422680412373
577.0	3.8247422680412373
578.0	3.8247422680412373
579.0	3.8247422680412373
580.0	3.8247422680412373
581.0	3.8247422680412373
582.0	3.836734693877551
583.0	3.836734693877551
584.0	3.836734693877551
585.0	3.836734693877551
586.0	3.836734693877551
587.0	3.836734693877551
588.0	3.8484848484848486
589.0	3.8484848484848486
590.0	3.8484848484848486
591.0	3.8484848484848486
592.0	3.8484848484848486
593.0	3.8484848484848486
594.0	3.86
595.0	3.86
596.0	3.86
597.0	3.86
598.0	3.86
599.0	3.86
600.0	3.871287128712871
601.0	3.871287128712871
602.0	3.871287128712871
603.0	3.871287128712871
604.0	3.871287128712871
605.0	3.871287128712871
606.0	3.8627450980392157
607.0	3.8627450980392157
608.0	3.8627450980392157
609.0	3.8627450980392157
610.0	3.8627450980392157
611.0	3.8627450980392157
612.0	3.854368932038835
613.0	3.854368932038835
614.0	3.854368932038835
615.0	3.854368932038835
616.0	3.854368932038835
617.0	3.854368932038835
618.0	3.8653846153846154
619.0	3.8653846153846154
620.0	3.8653846153846154
621.0	3.8653846153846154
622.0	3.8653846153846154
623.0	3.8653846153846154
624.0	3.8666666666666667
625.0	3.8666666666666667
626.0	3.8666666666666667
627.0	3.8666666666666667
628.0	3.8666666666666667
629.0	3.8666666666666667
630.0	3.8773584905660377
631.0	3.8773584905660377
632.0	3.8773584905660377
633.0	3.8773584905660377
634.0	3.8773584905660377
635.0	3.8773584905660377
636.0	3.8878504672897196
637.0	3.8878504672897196
638.0	3.8878504672897196
639.0	3.8878504672897196
640.0	3.8878504672897196
641.0	3.8878504672897196
642.0	3.8981481481481484
643.0	3.8981481481481484
644.0	3.8981481481481484
645.0	3.8981481481481484
646.0	3.8981481481481484
647.0	3.8981481481481484
648.0	3.8990825688073394
649.0	3.8990825688073394
650.0	3.8990825688073394
651.0	3.8990825688073394
652.0	3.8990825688073394
653.0	3.8990825688073394
654.0	3.9
655.0	3.9
656.0	3.9
657.0	3.9
658.0	3.9
659.0	3.9
660.0	3.90990990990991
661.0	3.90990990990991
662.0	3.90990990990991
663.0	3.90990990990991
664.0	3.90990990990991
665.0	3.90990990990991
666.0	3.919642857142857
667.0	3.919642857142857
668.0	3.919642857142857
669.0	3.919642857142857
670.0	3.919642857142857
671.0	3.919642857142857
672.0	3.9292035398230087
673.0	3.9292035398230087
674.0	3.9292035398230087
675.0	3.9292035398230087
676.0	3.9292035398230087
677.0	3.9292035398230087
678.0	3.9298245614035086
679.0	3.9298245614035086
680.0	3.9298245614035086
681.0	3.9298245614035086
682.0	3.9298245614035086
683.0	3.9298245614035086
684.0	3.9304347826086956
685.0	3.9304347826086956
686.0	3.9304347826086956
687.0	3.9304347826086956
688.0	3.9304347826086956
689.0	3.9304347826086956
690.0	3.9310344827586206
691.0	3.9310344827586206
692.0	3.9310344827586206
693.0	3.9310344827586206
694.0	3.9310344827586206
695.0	3.9310344827586206
696.0	3.9401709401709404
697.0	3.9401709401709404
698.0	3.9401709401709404
699.0	3.9401709401709404
700.0	3.9401709401709404
701.0	3.9401709401709404
702.0	3.9491525423728815
703.0	3.9491525423728815
704.0	3.9491525423728815
705.0	3.9491525423728815
706.0	3.9491525423728815
707.0	3.9491525423728815
708.0	3.957983193277311
709.0	3.957983193277311
710.0	3.957983193277311
711.0	3.957983193277311
712.0	3.957983193277311
713.0	3.957983193277311
714.0	3.95
715.0	3.95
716.0	3.95
717.0	3.95
718.0	3.95
719.0	3.95
720.0	3.950413223140496
721.0	3.950413223140496
722.0	3.950413223140496
723.0	3.950413223140496
724.0	3.950413223140496
725.0	3.950413223140496
726.0	3.942622950819672
727.0	3.942622950819672
728.0	3.942622950819672
729.0	3.942622950819672
730.0	3.942622950819672
731.0	3.942622950819672
732.0	3.951219512195122
733.0	3.951219512195122
734.0	3.951219512195122
735.0	3.951219512195122
736.0	3.951219512195122
737.0	3.951219512195122
738.0	3.9596774193548385
739.0	3.9596774193548385
740.0	3.9596774193548385
741.0	3.9596774193548385
742.0	3.9596774193548385
743.0	3.9596774193548385
744.0	3.968
745.0	3.968
746.0	3.968
747.0	3.968
748.0	3.968
749.0	3.968
750.0	3.9603174603174605
751.0	3.9603174603174605
752.0	3.9603174603174605
753.0	3.9603174603174605
754.0	3.9603174603174605
755.0	3.9603174603174605
756.0	3.968503937007874
757.0	3.968503937007874
758.0	3.968503937007874
759.0	3.968503937007874
760.0	3.968503937007874
761.0	3.968503937007874
762.0	3.96875
763.0	3.96875
764.0	3.96875
765.0	3.96875
766.0	3.96875
767.0	3.96875
768.0	3.9689922480620154
769.0	3.9689922480620154
770.0	3.9689922480620154
771.0	3.9689922480620154
772.0	3.9689922480620154
773.0	3.9689922480620154
774.0	3.9615384615384617
775.0	3.9615384615384617
776.0	3.9615384615384617
777.0	3.9615384615384617
778.0	3.9615384615384617
779.0	3.9615384615384617
780.0	3.954198473282443
781.0	3.954198473282443
782.0	3.954198473282443
783.0	3.954198473282443
784.0	3.954198473282443
785.0	3.954198473282443
786.0	3.946969696969697
787.0	3.946969696969697
788.0	3.946969696969697
789.0	3.946969696969697
790.0	3.946969696969697
791.0	3.946969696969697
792.0	3.9473684210526314
793.0	3.9473684210526314
794.0	3.9473684210526314
795.0	3.9473684210526314
796.0	3.9473684210526314
797.0	3.9473684210526314
798.0	3.9477611940298507
799.0	3.9477611940298507
800.0	3.9477611940298507
801.0	3.9477611940298507
802.0	3.9477611940298507
803.0	3.9477611940298507
804.0	3.9407407407407407
805.0	3.9407407407407407
806.0	3.9407407407407407
807.0	3.9407407407407407
808.0	3.9407407407407407
809.0	3.9407407407407407
810.0	3.948529411764706
811.0	3.948529411764706
812.0	3.948529411764706
813.0	3.948529411764706
814.0	3.948529411764706
815.0	3.948529411764706
816.0	3.9562043795620436
817.0	3.9562043795620436
818.0	3.9562043795620436
819.0	3.9562043795620436
820.0	3.9562043795620436
821.0	3.9562043795620436
822.0	3.963768115942029
823.0	3.963768115942029
824.0	3.963768115942029
825.0	3.963768115942029
826.0	3.963768115942029
827.0	3.963768115942029
828.0	3.971223021582734
829.0	3.971223021582734
830.0	3.971223021582734
831.0	3.971223021582734
832.0	3.971223021582734
833.0	3.971223021582734
834.0	3.9714285714285715
835.0	3.9714285714285715
836.0	3.9714285714285715
837.0	3.9714285714285715
838.0	3.9714285714285715
839.0	3.9714285714285715
840.0	3.978723404255319
841.0	3.978723404255319
842.0	3.978723404255319
843.0	3.978723404255319
844.0	3.978723404255319
845.0	3.978723404255319
846.0	3.9788732394366195
847.0	3.9788732394366195
848.0	3.9788732394366195
849.0	3.9788732394366195
850.0	3.9788732394366195
851.0	3.9788732394366195
852.0	3.979020979020979
853.0	3.979020979020979
854.0	3.979020979020979
855.0	3.979020979020979
856.0	3.979020979020979
857.0	3.979020979020979
858.0	3.9722222222222223
859.0	3.9722222222222223
860.0	3.9722222222222223
861.0	3.9722222222222223
862.0	3.9722222222222223
863.0	3.9722222222222223
864.0	3.972413793103448
865.0	3.972413793103448
866.0	3.972413793103448
867.0	3.972413793103448
868.0	3.972413793103448
869.0	3.972413793103448
870.0	3.9794520547945207
871.0	3.9794520547945207
872.0	3.9794520547945207
873.0	3.9794520547945207
874.0	3.9794520547945207
875.0	3.9794520547945207
876.0	3.9863945578231292
877.0	3.9863945578231292
878.0	3.9863945578231292
879.0	3.9863945578231292
880.0	3.9863945578231292
881.0	3.9863945578231292
882.0	3.9932432432432434
883.0	3.9932432432432434
884.0	3.9932432432432434
885.0	3.9932432432432434
886.0	3.9932432432432434
887.0	3.9932432432432434
888.0	3.9932885906040267
889.0	3.9932885906040267
890.0	3.9932885906040267
891.0	3.9932885906040267
892.0	3.9932885906040267
893.0	3.9932885906040267
894.0	3.993333333333333
895.0	3.993333333333333
896.0	3.993333333333333
897.0	3.993333333333333
898.0	3.993333333333333
899.0	3.993333333333333
900.0	4.0
901.0	4.0
902.0	4.0
903.0	4.0
904.0	4.0
905.0	4.0
906.0	3.9934210526315788
907.0	3.9934210526315788
908.0	3.9934210526315788
909.0	3.9934210526315788
910.0	3.9934210526315788
911.0	3.9934210526315788
912.0	4.0
913.0	4.0
914.0	4.0
915.0	4.0
916.0	4.0
917.0	4.0
918.0	4.0064935064935066
919.0	4.0064935064935066
920.0	4.0064935064935066
921.0	4.0064935064935066
922.0	4.0064935064935066
923.0	4.0064935064935066
924.0	4.012903225806451
925.0	4.012903225806451
926.0	4.012903225806451
927.0	4.012903225806451
928.0	4.012903225806451
929.0	4.012903225806451
930.0	4.006410256410256
931.0	4.006410256410256
932.0	4.006410256410256
933.0	4.006410256410256
934.0	4.006410256410256
935.0	4.006410256410256
936.0	4.0
937.0	4.0
938.0	4.0
939.0	4.0
940.0	4.0
941.0	4.0
942.0	3.9936708860759493
943.0	3.9936708860759493
944.0	3.9936708860759493
945.0	3.9936708860759493
946.0	3.9936708860759493
947.0	3.9936708860759493
948.0	4.0
949.0	4.0
950.0	4.0
951.0	4.0
952.0	4.0
953.0	4.0
954.0	3.99375
955.0	3.99375
956.0	3.99375
957.0	3.99375
958.0	3.99375
959.0	3.99375
960.0	3.987577639751553
961.0	3.987577639751553
962.0	3.987577639751553
963.0	3.987577639751553
964.0	3.987577639751553
965.0	3.987577639751553
966.0	3.962962962962963
967.0	3.962962962962963
968.0	3.962962962962963
969.0	3.962962962962963
970.0	3.962962962962963
971.0	3.962962962962963
972.0	3.9693251533742333
973.0	3.9693251533742333
974.0	3.9693251533742333
975.0	3.9693251533742333
976.0	3.9693251533742333
977.0	3.9693251533742333
978.0	3.975609756097561
979.0	3.975609756097561
980.0	3.975609756097561
981.0	3.975609756097561
982.0	3.975609756097561
983.0	3.975609756097561
984.0	3.9757575757575756
985.0	3.9757575757575756
986.0	3.9757575757575756
987.0	3.9757575757575756
988.0	3.9757575757575756
989.0	3.9757575757575756
990.0	3.9819277108433737
991.0	3.9819277108433737
992.0	3.9819277108433737
993.0	3.9819277108433737
994.0	3.9819277108433737
995.0	3.9819277108433737
996.0	3.9760479041916166
997.0	3.9760479041916166
998.0	3.9760479041916166
999.0	3.9760479041916166
1000.0	3.9760479041916166
1001.0	3.9760479041916166
1002.0	3.9761904761904763
1003.0	3.9761904761904763
1004.0	3.9761904761904763
1005.0	3.9761904761904763
1006.0	3.9761904761904763
1007.0	3.9761904761904763
1008.0	3.9822485207100593
1009.0	3.9822485207100593
1010.0	3.9822485207100593
1011.0	3.9822485207100593
1012.0	3.9822485207100593
1013.0	3.9822485207100593
1014.0	3.988235294117647
1015.0	3.988235294117647
1016.0	3.988235294117647
1017.0	3.988235294117647
1018.0	3.988235294117647
1019.0	3.988235294117647
1020.0	3.982456140350877
1021.0	3.982456140350877
1022.0	3.982456140350877
1023.0	3.982456140350877
1024.0	3.982456140350877
1025.0	3.982456140350877
1026.0	3.9825581395348837
1027.0	3.9825581395348837
1028.0	3.9825581395348837
1029.0	3.9825581395348837
1030.0	3.9825581395348837
1031.0	3.9825581395348837
1032.0	3.976878612716763
1033.0	3.976878612716763
1034.0	3.976878612716763
1035.0	3.976878612716763
1036.0	3.976878612716763
1037.0	3.976878612716763
1038.0	3.9770114942528734
1039.0	3.9770114942528734
1040.0	3.9770114942528734
1041.0	3.9770114942528734
1042.0	3.9770114942528734
1043.0	3.9770114942528734
1044.0	3.9828571428571427
1045.0	3.9828571428571427
1046.0	3.9828571428571427
1047.0	3.9828571428571427
1048.0	3.9828571428571427
1049.0	3.9828571428571427
1050.0	3.9886363636363638
1051.0	3.9886363636363638
1052.0	3.9886363636363638
1053.0	3.9886363636363638
1054.0	3.9886363636363638
1055.0	3.9886363636363638
1056.0	3.983050847457627
1057.0	3.983050847457627
1058.0	3.983050847457627
1059.0	3.983050847457627
1060.0	3.983050847457627
1061.0	3.983050847457627
1062.0	3.9831460674157304
1063.0	3.9831460674157304
1064.0	3.9831460674157304
1065.0	3.9831460674157304
1066.0	3.9831460674157304
1067.0	3.9831460674157304
1068.0	3.983240223463687
1069.0	3.983240223463687
1070.0	3.983240223463687
1071.0	3.983240223463687
1072.0	3.983240223463687
1073.0	3.983240223463687
1074.0	3.988888888888889
1075.0	3.988888888888889
1076.0	3.988888888888889
1077.0	3.988888888888889
1078.0	3.988888888888889
1079.0	3.988888888888889
1080.0	3.983425414364641
1081.0	3.983425414364641
1082.0	3.983425414364641
1083.0	3.983425414364641
1084.0	3.983425414364641
1085.0	3.983425414364641
1086.0	3.9835164835164836
1087.0	3.9835164835164836
1088.0	3.9835164835164836
1089.0	3.9835164835164836
1090.0	3.9835164835164836
1091.0	3.9835164835164836
1092.0	3.989071038251366
1093.0	3.989071038251366
1094.0	3.989071038251366
1095.0	3.989071038251366
1096.0	3.989071038251366
1097.0	3.989071038251366
1098.0	3.994565217391304
1099.0	3.994565217391304
1100.0	3.994565217391304
1101.0	3.994565217391304
1102.0	3.994565217391304
1103.0	3.994565217391304
1104.0	3.9945945945945946
1105.0	3.9945945945945946
1106.0	3.9945945945945946
1107.0	3.9945945945945946
1108.0	3.9945945945945946
1109.0	3.9945945945945946
1110.0	4.0
1111.0	4.0
1112.0	4.0
1113.0	4.0
1114.0	4.0
1115.0	4.0
1116.0	4.005347593582887
1117.0	4.005347593582887
1118.0	4.005347593582887
1119.0	4.005347593582887
1120.0	4.005347593582887
1121.0	4.005347593582887
1122.0	4.00531914893617
1123.0	4.00531914893617
1124.0	4.00531914893617
1125.0	4.00531914893617
1126.0	4.00531914893617
1127.0	4.00531914893617
1128.0	4.01058201058201
1129.0	4.01058201058201
1130.0	4.01058201058201
1131.0	4.01058201058201
1132.0	4.01058201058201
1133.0	4.01058201058201
1134.0	4.015789473684211
1135.0	4.015789473684211
1136.0	4.015789473684211
1137.0	4.015789473684211
1138.0	4.015789473684211
1139.0	4.015789473684211
1140.0	4.015706806282722
1141.0	4.015706806282722
1142.0	4.015706806282722
1143.0	4.015706806282722
1144.0	4.015706806282722
1145.0	4.015706806282722
1146.0	4.005208333333333
1147.0	4.005208333333333
1148.0	4.005208333333333
1149.0	4.005208333333333
1150.0	4.005208333333333
1151.0	4.005208333333333
1152.0	4.005181347150259
1153.0	4.005181347150259
1154.0	4.005181347150259
1155.0	4.005181347150259
1156.0	4.005181347150259
1157.0	4.005181347150259
1158.0	4.010309278350515
1159.0	4.010309278350515
1160.0	4.010309278350515
1161.0	4.010309278350515
1162.0	4.010309278350515
1163.0	4.010309278350515
1164.0	4.01025641025641
1165.0	4.01025641025641
1166.0	4.01025641025641
1167.0	4.01025641025641
1168.0	4.01025641025641
1169.0	4.01025641025641
1170.0	4.01530612244898
1171.0	4.01530612244898
1172.0	4.01530612244898
1173.0	4.01530612244898
1174.0	4.01530612244898
1175.0	4.01530612244898
1176.0	4.020304568527918
1177.0	4.020304568527918
1178.0	4.020304568527918
1179.0	4.020304568527918
1180.0	4.020304568527918
1181.0	4.020304568527918
1182.0	4.025252525252525
1183.0	4.025252525252525
1184.0	4.025252525252525
1185.0	4.025252525252525
1186.0	4.025252525252525
1187.0	4.025252525252525
1188.0	4.030150753768845
1189.0	4.030150753768845
1190.0	4.030150753768845
1191.0	4.030150753768845
1192.0	4.030150753768845
1193.0	4.030150753768845
1194.0	4.01
1195.0	4.01
1196.0	4.01
1197.0	4.01
