0.0	3.0
1.0	3.0
2.0	3.0
3.0	3.0
4.0	3.0
5.0	3.0
6.0	3.0
7.0	3.0
8.0	3.0
9.0	3.0
10.0	3.0
11.0	3.0
12.0	3.0
13.0	3.0
14.0	3.0
15.0	3.0
16.0	3.0
17.0	3.0
18.0	3.0
19.0	3.0
20.0	3.0
21.0	3.0
22.0	3.0
23.0	3.0
24.0	3.0
25.0	3.0
26.0	2.962962962962963
27.0	2.9642857142857144
28.0	2.9655172413793105
29.0	2.966666666666667
30.0	2.967741935483871
31.0	2.96875
32.0	2.9696969696969697
33.0	2.9705882352941178
34.0	2.9714285714285715
35.0	2.9722222222222223
36.0	2.972972972972973
37.0	2.973684210526316
38.0	2.9743589743589745
39.0	2.975
40.0	2.975609756097561
41.0	2.9761904761904763
42.0	2.9767441860465116
43.0	2.977272727272727
44.0	2.977777777777778
45.0	2.9782608695652173
46.0	2.978723404255319
47.0	2.9791666666666665
48.0	2.979591836734694
49.0	2.98
50.0	2.980392156862745
51.0	2.9615384615384617
52.0	2.9622641509433962
53.0	2.962962962962963
54.0	2.963636363636364
55.0	2.9642857142857144
56.0	2.9649122807017543
57.0	2.9655172413793105
58.0	2.9661016949152543
59.0	2.966666666666667
60.0	2.9672131147540983
61.0	2.967741935483871
62.0	2.9682539682539684
63.0	2.96875
64.0	2.9692307692307693
65.0	2.9696969696969697
66.0	2.970149253731343
67.0	2.9705882352941178
68.0	2.971014492753623
69.0	2.9714285714285715
70.0	2.971830985915493
71.0	2.9722222222222223
72.0	2.9726027397260273
73.0	2.972972972972973
74.0	2.973333333333333
75.0	2.973684210526316
76.0	2.9740259740259742
77.0	2.9743589743589745
78.0	2.9746835443037973
79.0	2.975
80.0	2.9753086419753085
81.0	2.975609756097561
82.0	2.9759036144578315
83.0	2.9761904761904763
84.0	2.976470588235294
85.0	2.9767441860465116
86.0	2.9770114942528734
87.0	2.977272727272727
88.0	2.9775280898876404
89.0	2.977777777777778
90.0	2.978021978021978
91.0	2.9782608695652173
92.0	2.978494623655914
93.0	2.978723404255319
94.0	2.9789473684210526
95.0	2.9791666666666665
96.0	2.979381443298969
97.0	2.979591836734694
98.0	2.9797979797979797
99.0	2.98
100.0	2.98019801980198
101.0	2.980392156862745
102.0	2.9805825242718447
103.0	2.980769230769231
104.0	2.980952380952381
105.0	2.981132075471698
106.0	2.9813084112149535
107.0	2.9814814814814814
108.0	2.981651376146789
109.0	2.981818181818182
110.0	2.981981981981982
111.0	2.982142857142857
112.0	2.982300884955752
113.0	2.982456140350877
114.0	2.982608695652174
115.0	2.9827586206896552
116.0	2.982905982905983
117.0	2.983050847457627
118.0	2.9831932773109244
119.0	2.9833333333333334
120.0	2.9834710743801653
121.0	2.9836065573770494
122.0	2.983739837398374
123.0	2.9838709677419355
124.0	2.984
125.0	2.984126984126984
126.0	2.984251968503937
127.0	2.984375
128.0	2.9844961240310077
129.0	2.9846153846153847
130.0	2.9770992366412212
131.0	2.977272727272727
132.0	2.9774436090225564
133.0	2.9776119402985075
134.0	2.977777777777778
135.0	2.9779411764705883
136.0	2.978102189781022
137.0	2.9782608695652173
138.0	2.9784172661870505
139.0	2.9785714285714286
140.0	2.978723404255319
141.0	2.9788732394366195
142.0	2.979020979020979
143.0	2.9791666666666665
144.0	2.9793103448275864
145.0	2.9794520547945207
146.0	2.979591836734694
147.0	2.97972972972973
148.0	2.9798657718120807
149.0	2.98
150.0	2.980132450331126
151.0	2.9802631578947367
152.0	2.980392156862745
153.0	2.9805194805194803
154.0	2.9806451612903224
155.0	2.980769230769231
156.0	2.9808917197452227
157.0	2.981012658227848
158.0	2.981132075471698
159.0	2.98125
160.0	2.981366459627329
161.0	2.9814814814814814
162.0	2.98159509202454
163.0	2.981707317073171
164.0	2.981818181818182
165.0	2.9819277108433737
166.0	2.9820359281437128
167.0	2.982142857142857
168.0	2.9822485207100593
169.0	2.9823529411764707
170.0	2.982456140350877
171.0	2.9825581395348837
172.0	2.9826589595375723
173.0	2.9827586206896552
174.0	2.9828571428571427
175.0	2.9829545454545454
176.0	2.983050847457627
177.0	2.9831460674157304
178.0	2.983240223463687
179.0	2.9833333333333334
180.0	2.983425414364641
181.0	2.9835164835164836
182.0	2.9836065573770494
183.0	2.983695652173913
184.0	2.983783783783784
185.0	2.9838709677419355
186.0	2.983957219251337
187.0	2.984042553191489
188.0	2.984126984126984
189.0	2.9842105263157896
190.0	2.9842931937172774
191.0	2.984375
192.0	2.9844559585492227
193.0	2.984536082474227
194.0	2.9846153846153847
195.0	2.9846938775510203
196.0	2.984771573604061
197.0	2.984848484848485
198.0	2.9849246231155777
199.0	2.985
200.0	2.985074626865672
201.0	2.985148514851485
202.0	2.9852216748768474
203.0	2.985294117647059
204.0	2.9853658536585366
205.0	2.9854368932038833
206.0	2.9855072463768115
207.0	2.985576923076923
208.0	2.985645933014354
209.0	2.9857142857142858
210.0	2.985781990521327
211.0	2.9858490566037736
212.0	2.9859154929577465
213.0	2.985981308411215
214.0	2.986046511627907
215.0	2.986111111111111
216.0	2.986175115207373
217.0	2.9862385321100917
218.0	2.9863013698630136
219.0	2.9863636363636363
220.0	2.986425339366516
221.0	2.9864864864864864
222.0	2.986547085201794
223.0	2.986607142857143
224.0	2.986666666666667
225.0	2.9867256637168142
226.0	2.986784140969163
227.0	2.986842105263158
228.0	2.986899563318777
229.0	2.9869565217391303
230.0	2.987012987012987
231.0	2.9870689655172415
232.0	2.9871244635193133
233.0	2.9871794871794872
234.0	2.9872340425531916
235.0	2.98728813559322
236.0	2.9873417721518987
237.0	2.9873949579831933
238.0	2.98744769874477
239.0	2.9875
240.0	2.987551867219917
241.0	2.987603305785124
242.0	2.9876543209876543
243.0	2.987704918032787
244.0	2.987755102040816
245.0	2.9878048780487805
246.0	2.9878542510121457
247.0	2.9879032258064515
248.0	2.9879518072289155
249.0	2.988
250.0	2.9880478087649402
251.0	2.988095238095238
252.0	2.9881422924901186
253.0	2.9881889763779528
254.0	2.988235294117647
255.0	2.98828125
256.0	2.9883268482490273
257.0	2.988372093023256
258.0	2.988416988416988
259.0	2.9884615384615385
260.0	2.9885057471264367
261.0	2.9885496183206106
262.0	2.988593155893536
263.0	2.9886363636363638
264.0	2.9886792452830186
265.0	2.988721804511278
266.0	2.9887640449438204
267.0	2.9888059701492535
268.0	2.9888475836431225
269.0	2.988888888888889
270.0	2.988929889298893
271.0	2.988970588235294
272.0	2.989010989010989
273.0	2.989051094890511
274.0	2.9890909090909092
275.0	2.989130434782609
276.0	2.9891696750902526
277.0	2.9892086330935252
278.0	2.989247311827957
279.0	2.9892857142857143
280.0	2.9893238434163703
281.0	2.9893617021276597
282.0	2.989399293286219
283.0	2.98943661971831
284.0	2.9894736842105263
285.0	2.9895104895104896
286.0	2.989547038327526
287.0	2.9895833333333335
288.0	2.98961937716263
289.0	2.989655172413793
290.0	2.9896907216494846
291.0	2.98972602739726
292.0	2.9897610921501707
293.0	2.989795918367347
294.0	2.989830508474576
295.0	2.989864864864865
296.0	2.98989898989899
297.0	2.98993288590604
298.0	2.9899665551839463
299.0	2.99
300.0	2.990033222591362
301.0	2.9900662251655628
302.0	2.99009900990099
303.0	2.9901315789473686
304.0	2.9901639344262296
305.0	2.9901960784313726
306.0	2.990228013029316
307.0	2.99025974025974
308.0	2.9902912621359223
309.0	2.990322580645161
310.0	2.990353697749196
311.0	2.9903846153846154
312.0	2.990415335463259
313.0	2.9904458598726116
314.0	2.9904761904761905
315.0	2.990506329113924
316.0	2.9905362776025237
317.0	2.990566037735849
318.0	2.9905956112852663
319.0	2.990625
320.0	2.9906542056074765
321.0	2.9906832298136647
322.0	2.9907120743034055
323.0	2.990740740740741
324.0	2.9907692307692306
325.0	2.9907975460122698
326.0	2.9908256880733943
327.0	2.9908536585365852
328.0	2.9908814589665655
329.0	2.9909090909090907
330.0	2.990936555891239
331.0	2.9909638554216866
332.0	2.990990990990991
333.0	2.9910179640718564
334.0	2.991044776119403
335.0	2.9910714285714284
336.0	2.9910979228486645
337.0	2.9911242603550297
338.0	2.9911504424778763
339.0	2.9911764705882353
340.0	2.9912023460410557
341.0	2.991228070175439
342.0	2.991253644314869
343.0	2.991279069767442
344.0	2.991304347826087
345.0	2.991329479768786
346.0	2.9913544668587897
347.0	2.9913793103448274
348.0	2.991404011461318
349.0	2.9914285714285715
350.0	2.9914529914529915
351.0	2.991477272727273
352.0	2.991501416430595
353.0	2.9915254237288136
354.0	2.991549295774648
355.0	2.991573033707865
356.0	2.991596638655462
357.0	2.9916201117318435
358.0	2.9916434540389973
359.0	2.9916666666666667
360.0	2.9916897506925206
361.0	2.9917127071823204
362.0	2.9917355371900825
363.0	2.991758241758242
364.0	2.9917808219178084
365.0	2.9918032786885247
366.0	2.991825613079019
367.0	2.9918478260869565
368.0	2.991869918699187
369.0	2.9918918918918918
370.0	2.9919137466307277
371.0	2.9919354838709675
372.0	2.991957104557641
373.0	2.9919786096256686
374.0	2.992
375.0	2.992021276595745
376.0	2.9920424403183024
377.0	2.992063492063492
378.0	2.9920844327176783
379.0	2.9921052631578946
380.0	2.9921259842519685
381.0	2.992146596858639
382.0	2.9921671018276763
383.0	2.9921875
384.0	2.9922077922077923
385.0	2.9922279792746114
386.0	2.992248062015504
387.0	2.9922680412371134
388.0	2.992287917737789
389.0	2.9923076923076923
390.0	2.9923273657289005
391.0	2.99234693877551
392.0	2.9923664122137406
393.0	2.9923857868020303
394.0	2.992405063291139
395.0	2.992424242424242
396.0	2.9924433249370277
397.0	2.992462311557789
398.0	2.992481203007519
399.0	2.9925
400.0	2.9925187032418954
401.0	2.9925373134328357
402.0	2.9925558312655087
403.0	2.992574257425743
404.0	2.9925925925925925
405.0	2.9926108374384235
406.0	2.9926289926289926
407.0	2.9926470588235294
408.0	2.9926650366748166
409.0	2.9926829268292683
410.0	2.9927007299270074
411.0	2.9927184466019416
412.0	2.9927360774818403
413.0	2.9927536231884058
414.0	2.9927710843373494
415.0	2.9927884615384617
416.0	2.9928057553956835
417.0	2.992822966507177
418.0	2.992840095465394
419.0	2.992857142857143
420.0	2.992874109263658
421.0	2.9928909952606637
422.0	2.99290780141844
423.0	2.9929245283018866
424.0	2.9929411764705884
425.0	2.992957746478873
426.0	2.9929742388758784
427.0	2.9929906542056073
428.0	2.993006993006993
429.0	2.9930232558139536
430.0	2.9930394431554523
431.0	2.9930555555555554
432.0	2.9930715935334873
433.0	2.993087557603687
434.0	2.9931034482758623
435.0	2.993119266055046
436.0	2.9931350114416477
437.0	2.993150684931507
438.0	2.9931662870159452
439.0	2.993181818181818
440.0	2.993197278911565
441.0	2.993212669683258
442.0	2.9932279909706545
443.0	2.9932432432432434
444.0	2.993258426966292
445.0	2.993273542600897
446.0	2.9932885906040267
447.0	2.9933035714285716
448.0	2.9933184855233854
449.0	2.993333333333333
450.0	2.9933481152993346
451.0	2.993362831858407
452.0	2.993377483443709
453.0	2.9933920704845813
454.0	2.9934065934065934
455.0	2.9934210526315788
456.0	2.9934354485776806
457.0	2.993449781659389
458.0	2.9934640522875817
459.0	2.993478260869565
460.0	2.9934924078091107
461.0	2.9935064935064934
462.0	2.9935205183585314
463.0	2.9913793103448274
464.0	2.9913978494623654
465.0	2.9914163090128754
466.0	2.9914346895074946
467.0	2.9914529914529915
468.0	2.991471215351812
469.0	2.991489361702128
470.0	2.991507430997877
471.0	2.9915254237288136
472.0	2.9915433403805496
473.0	2.9915611814345993
474.0	2.991578947368421
475.0	2.991596638655462
476.0	2.991614255765199
477.0	2.99163179916318
478.0	2.991649269311065
479.0	2.9916666666666667
480.0	2.991683991683992
481.0	2.991701244813278
482.0	2.991718426501035
483.0	2.9917355371900825
484.0	2.9917525773195877
485.0	2.9917695473251027
486.0	2.991786447638604
487.0	2.9918032786885247
488.0	2.9918200408997957
489.0	2.9918367346938775
490.0	2.9918533604887982
491.0	2.991869918699187
492.0	2.9918864097363085
493.0	2.9919028340080973
494.0	2.991919191919192
495.0	2.9919354838709675
496.0	2.9919517102615694
497.0	2.9919678714859437
498.0	2.9919839679358717
499.0	2.992
500.0	2.992015968063872
501.0	2.99203187250996
502.0	2.9920477137176937
503.0	2.992063492063492
504.0	2.992079207920792
505.0	2.992094861660079
506.0	2.992110453648915
507.0	2.9921259842519685
508.0	2.9921414538310414
509.0	2.992156862745098
510.0	2.9921722113502933
511.0	2.9921875
512.0	2.992202729044834
513.0	2.992217898832685
514.0	2.992233009708738
515.0	2.992248062015504
516.0	2.992263056092843
517.0	2.9922779922779923
518.0	2.9922928709055876
519.0	2.9923076923076923
520.0	2.9923224568138194
521.0	2.992337164750958
522.0	2.9923518164435947
523.0	2.9923664122137406
524.0	2.9923809523809526
525.0	2.9923954372623576
526.0	2.9924098671726753
527.0	2.992424242424242
528.0	2.992438563327032
529.0	2.9924528301886792
530.0	2.992467043314501
531.0	2.992481203007519
532.0	2.99249530956848
533.0	2.99250936329588
534.0	2.992523364485981
535.0	2.9925373134328357
536.0	2.992551210428305
537.0	2.992565055762082
538.0	2.9925788497217067
539.0	2.9925925925925925
540.0	2.9926062846580406
541.0	2.992619926199262
542.0	2.992633517495396
543.0	2.9926470588235294
544.0	2.992660550458716
545.0	2.9926739926739927
546.0	2.9926873857404024
547.0	2.9927007299270074
548.0	2.9927140255009106
549.0	2.9927272727272727
550.0	2.9927404718693285
551.0	2.9927536231884058
552.0	2.992766726943942
553.0	2.9927797833935017
554.0	2.992792792792793
555.0	2.9928057553956835
556.0	2.992818671454219
557.0	2.992831541218638
558.0	2.992844364937388
559.0	2.992857142857143
560.0	2.9928698752228162
561.0	2.99288256227758
562.0	2.9928952042628776
563.0	2.99290780141844
564.0	2.992920353982301
565.0	2.9929328621908127
566.0	2.9929453262786594
567.0	2.992957746478873
568.0	2.992970123022847
569.0	2.992982456140351
570.0	2.9929947460595447
571.0	2.993006993006993
572.0	2.993019197207679
573.0	2.9930313588850175
574.0	2.9930434782608697
575.0	2.9930555555555554
576.0	2.9930675909878683
577.0	2.9930795847750864
578.0	2.993091537132988
579.0	2.9931034482758623
580.0	2.9931153184165233
581.0	2.993127147766323
582.0	2.993138936535163
583.0	2.993150684931507
584.0	2.993162393162393
585.0	2.993174061433447
586.0	2.9931856899488927
587.0	2.993197278911565
588.0	2.99320882852292
589.0	2.993220338983051
590.0	2.993231810490694
591.0	2.9932432432432434
592.0	2.9932546374367623
593.0	2.993265993265993
594.0	2.9932773109243698
595.0	2.9932885906040267
596.0	2.993299832495812
597.0	2.9933110367892977
598.0	2.993322203672788
599.0	2.993333333333333
600.0	2.9933444259567388
601.0	2.993355481727575
602.0	2.9933665008291874
603.0	2.993377483443709
604.0	2.9933884297520663
605.0	2.9933993399339935
606.0	2.9934102141680397
607.0	2.9934210526315788
608.0	2.993431855500821
609.0	2.9934426229508198
610.0	2.993453355155483
611.0	2.9934640522875817
612.0	2.99347471451876
613.0	2.993485342019544
614.0	2.9934959349593497
615.0	2.9935064935064934
616.0	2.993517017828201
617.0	2.9935275080906147
618.0	2.9935379644588047
619.0	2.9935483870967743
620.0	2.993558776167472
621.0	2.9935691318327975
622.0	2.9935794542536116
623.0	2.9935897435897436
624.0	2.9936
625.0	2.9936102236421727
626.0	2.993620414673046
627.0	2.9936305732484074
628.0	2.9936406995230525
629.0	2.9936507936507937
630.0	2.9936608557844693
631.0	2.9936708860759493
632.0	2.993680884676145
633.0	2.993690851735016
634.0	2.9937007874015746
635.0	2.993710691823899
636.0	2.9937205651491365
637.0	2.993730407523511
638.0	2.9937402190923317
639.0	2.99375
640.0	2.9937597503900157
641.0	2.9937694704049846
642.0	2.9937791601866253
643.0	2.9937888198757765
644.0	2.9937984496124033
645.0	2.9938080495356036
646.0	2.993817619783617
647.0	2.993827160493827
648.0	2.9938366718027734
649.0	2.993846153846154
650.0	2.9938556067588324
651.0	2.9938650306748467
652.0	2.993874425727412
653.0	2.99388379204893
654.0	2.9938931297709925
655.0	2.9939024390243905
656.0	2.993911719939117
657.0	2.9939209726443767
658.0	2.9939301972685888
659.0	2.993939393939394
660.0	2.993948562783661
661.0	2.9939577039274923
662.0	2.9939668174962293
663.0	2.9939759036144578
664.0	2.993984962406015
665.0	2.993993993993994
666.0	2.9940029985007497
667.0	2.9940119760479043
668.0	2.994020926756353
669.0	2.994029850746269
670.0	2.994038748137109
671.0	2.994047619047619
672.0	2.9940564635958395
673.0	2.99406528189911
674.0	2.994074074074074
675.0	2.9940828402366866
676.0	2.9940915805022157
677.0	2.994100294985251
678.0	2.9941089837997055
679.0	2.9941176470588236
680.0	2.9941262848751835
681.0	2.994134897360704
682.0	2.994143484626647
683.0	2.9941520467836256
684.0	2.9941605839416057
685.0	2.9941690962099123
686.0	2.994177583697234
687.0	2.994186046511628
688.0	2.9941944847605226
689.0	2.9942028985507245
690.0	2.9942112879884224
691.0	2.994219653179191
692.0	2.994227994227994
693.0	2.994236311239193
694.0	2.9942446043165467
695.0	2.9942528735632186
696.0	2.994261119081779
697.0	2.994269340974212
698.0	2.994277539341917
699.0	2.994285714285714
700.0	2.9942938659058487
701.0	2.994301994301994
702.0	2.9943100995732577
703.0	2.9943181818181817
704.0	2.9943262411347518
705.0	2.9943342776203967
706.0	2.994342291371994
707.0	2.994350282485876
708.0	2.994358251057828
709.0	2.9943661971830986
710.0	2.9943741209563997
711.0	2.99438202247191
712.0	2.994389901823282
713.0	2.9943977591036415
714.0	2.9944055944055945
715.0	2.994413407821229
716.0	2.99442119944212
717.0	2.9944289693593316
718.0	2.9944367176634215
719.0	2.9944444444444445
720.0	2.9944521497919556
721.0	2.994459833795014
722.0	2.9944674965421854
723.0	2.994475138121547
724.0	2.9944827586206895
725.0	2.994490358126722
726.0	2.9944979367262725
727.0	2.9945054945054945
728.0	2.9945130315500688
729.0	2.9945205479452053
730.0	2.9945280437756496
731.0	2.9945355191256833
732.0	2.9945429740791267
733.0	2.994550408719346
734.0	2.994557823129252
735.0	2.994565217391304
736.0	2.994572591587517
737.0	2.994579945799458
738.0	2.9945872801082545
739.0	2.9945945945945946
740.0	2.9946018893387314
741.0	2.9946091644204853
742.0	2.994616419919246
743.0	2.9946236559139785
744.0	2.9946308724832216
745.0	2.994638069705094
746.0	2.994645247657296
747.0	2.9946524064171123
748.0	2.994659546061415
749.0	2.994666666666667
750.0	2.9946737683089215
751.0	2.99468085106383
752.0	2.99468791500664
753.0	2.9946949602122017
754.0	2.9947019867549667
755.0	2.994708994708995
756.0	2.9947159841479523
757.0	2.994722955145119
758.0	2.994729907773386
759.0	2.9947368421052634
760.0	2.994743758212878
761.0	2.994750656167979
762.0	2.9947575360419396
763.0	2.994764397905759
764.0	2.9947712418300654
765.0	2.9947780678851177
766.0	2.9947848761408085
767.0	2.9947916666666665
768.0	2.9947984395318596
769.0	2.994805194805195
770.0	2.9948119325551232
771.0	2.994818652849741
772.0	2.9948253557567917
773.0	2.994832041343669
774.0	2.994838709677419
775.0	2.9948453608247423
776.0	2.9948519948519947
777.0	2.994858611825193
778.0	2.994865211810013
779.0	2.994871794871795
780.0	2.994878361075544
781.0	2.9948849104859336
782.0	2.994891443167305
783.0	2.9948979591836733
784.0	2.994904458598726
785.0	2.994910941475827
786.0	2.9949174078780176
787.0	2.99492385786802
788.0	2.994930291508238
789.0	2.9949367088607595
790.0	2.9949431099873576
791.0	2.994949494949495
792.0	2.9949558638083227
793.0	2.994962216624685
794.0	2.9949685534591195
795.0	2.9949748743718594
796.0	2.994981179422836
797.0	2.9949874686716793
798.0	2.994993742177722
799.0	2.995
800.0	2.9950062421972534
801.0	2.9950124688279303
802.0	2.995018679950187
803.0	2.9950248756218905
804.0	2.995031055900621
805.0	2.9950372208436726
806.0	2.9950433705080544
807.0	2.995049504950495
808.0	2.995055624227441
809.0	2.995061728395062
810.0	2.995067817509248
811.0	2.9950738916256157
812.0	2.995079950799508
813.0	2.995085995085995
814.0	2.9950920245398773
815.0	2.9950980392156863
816.0	2.995104039167687
817.0	2.9951100244498776
818.0	2.995115995115995
819.0	2.995121951219512
820.0	2.995127892813642
821.0	2.995133819951338
822.0	2.9951397326852978
823.0	2.995145631067961
824.0	2.995151515151515
825.0	2.9951573849878934
826.0	2.995163240628779
827.0	2.995169082125604
828.0	2.995174909529554
829.0	2.995180722891566
830.0	2.9951865222623346
831.0	2.9951923076923075
832.0	2.9951980792316926
833.0	2.9952038369304557
834.0	2.9952095808383232
835.0	2.9952153110047846
836.0	2.995221027479092
837.0	2.9952267303102627
838.0	2.99523241954708
839.0	2.9952380952380953
840.0	2.995243757431629
841.0	2.995249406175772
842.0	2.9952550415183867
843.0	2.995260663507109
844.0	2.9952662721893493
845.0	2.9952718676122934
846.0	2.9952774498229044
847.0	2.9952830188679247
848.0	2.995288574793875
849.0	2.9952941176470587
850.0	2.9952996474735607
851.0	2.995305164319249
852.0	2.995310668229777
853.0	2.9953161592505855
854.0	2.9953216374269007
855.0	2.9953271028037385
856.0	2.9953325554259043
857.0	2.9953379953379953
858.0	2.9953434225844005
859.0	2.9953488372093022
860.0	2.9953542392566783
861.0	2.9953596287703017
862.0	2.995365005793743
863.0	2.9953703703703702
864.0	2.9953757225433524
865.0	2.995381062355658
866.0	2.9953863898500575
867.0	2.9953917050691246
868.0	2.995397008055236
869.0	2.995402298850575
870.0	2.99540757749713
871.0	2.9954128440366974
872.0	2.995418098510882
873.0	2.995423340961098
874.0	2.9954285714285716
875.0	2.9954337899543377
876.0	2.9954389965792476
877.0	2.9954441913439633
878.0	2.9954493742889645
879.0	2.9954545454545456
880.0	2.995459704880817
881.0	2.99546485260771
882.0	2.9954699886749716
883.0	2.995475113122172
884.0	2.995480225988701
885.0	2.99548532731377
886.0	2.995490417136415
887.0	2.9954954954954953
888.0	2.9955005624296964
889.0	2.995505617977528
890.0	2.995510662177329
891.0	2.995515695067265
892.0	2.99552071668533
893.0	2.995525727069351
894.0	2.995530726256983
895.0	2.9955357142857144
896.0	2.9955406911928653
897.0	2.9955456570155903
898.0	2.9955506117908786
899.0	2.9955555555555557
900.0	2.995560488346282
901.0	2.9955654101995566
902.0	2.9955703211517166
903.0	2.995575221238938
904.0	2.9955801104972375
905.0	2.9955849889624724
906.0	2.9955898566703416
907.0	2.995594713656388
908.0	2.9955995599559957
909.0	2.9956043956043956
910.0	2.995609220636663
911.0	2.995614035087719
912.0	2.995618838992333
913.0	2.9956236323851204
914.0	2.9956284153005464
915.0	2.995633187772926
916.0	2.995637949836423
917.0	2.9956427015250546
918.0	2.995647442872688
919.0	2.9956521739130433
920.0	2.995656894679696
921.0	2.995661605206074
922.0	2.9956663055254604
923.0	2.9956709956709955
924.0	2.9956756756756757
925.0	2.9956803455723544
926.0	2.995685005393743
927.0	2.9956896551724137
928.0	2.9956942949407965
929.0	2.9956989247311827
930.0	2.995703544575725
931.0	2.995708154506438
932.0	2.9957127545551985
933.0	2.9957173447537473
934.0	2.9957219251336897
935.0	2.9957264957264957
936.0	2.9957310565635007
937.0	2.9957356076759063
938.0	2.9957401490947815
939.0	2.9957446808510637
940.0	2.995749202975558
941.0	2.9957537154989384
942.0	2.99575821845175
943.0	2.9957627118644066
944.0	2.9957671957671956
945.0	2.995771670190275
946.0	2.9957761351636747
947.0	2.9957805907172994
948.0	2.9957850368809273
949.0	2.9957894736842103
950.0	2.995793901156677
951.0	2.995798319327731
952.0	2.9958027282266526
953.0	2.9958071278825997
954.0	2.9958115183246075
955.0	2.99581589958159
956.0	2.9958202716823408
957.0	2.9958246346555324
958.0	2.9958289885297185
959.0	2.995833333333333
960.0	2.995837669094693
961.0	2.995841995841996
962.0	2.995846313603323
963.0	2.995850622406639
964.0	2.9958549222797926
965.0	2.9958592132505175
966.0	2.9958634953464323
967.0	2.9958677685950414
968.0	2.9958720330237356
969.0	2.995876288659794
970.0	2.995880535530381
971.0	2.9958847736625516
972.0	2.995889003083248
973.0	2.995893223819302
974.0	2.9958974358974357
975.0	2.9959016393442623
976.0	2.9959058341862845
977.0	2.9959100204498976
978.0	2.995914198161389
979.0	2.9959183673469387
980.0	2.9959225280326196
981.0	2.9959266802443993
982.0	2.995930824008138
983.0	2.9959349593495936
984.0	2.9959390862944164
985.0	2.995943204868154
986.0	2.9959473150962515
987.0	2.9959514170040484
988.0	2.995955510616785
989.0	2.995959595959596
990.0	2.995963673057518
991.0	2.995967741935484
992.0	2.995971802618328
993.0	2.995975855130785
994.0	2.9959798994974873
995.0	2.995983935742972
996.0	2.995987963891675
997.0	2.995991983967936
998.0	2.995995995995996
999.0	2.996
1000.0	2.996003996003996
1001.0	2.996007984031936
1002.0	2.996011964107677
1003.0	2.99601593625498
1004.0	2.9960199004975125
1005.0	2.996023856858847
1006.0	2.9960278053624627
1007.0	2.996031746031746
1008.0	2.99603567888999
1009.0	2.996039603960396
1010.0	2.996043521266073
1011.0	2.9960474308300395
1012.0	2.996051332675222
1013.0	2.9960552268244576
1014.0	2.996059113300493
1015.0	2.9960629921259843
1016.0	2.9960668633235006
1017.0	2.9960707269155207
1018.0	2.9960745829244355
1019.0	2.996078431372549
1020.0	2.9960822722820764
1021.0	2.996086105675147
1022.0	2.9960899315738025
1023.0	2.99609375
1024.0	2.9960975609756098
1025.0	2.996101364522417
1026.0	2.9961051606621227
1027.0	2.9961089494163424
1028.0	2.9961127308066082
1029.0	2.9961165048543688
1030.0	2.996120271580989
1031.0	2.996124031007752
1032.0	2.9961277831558566
1033.0	2.996131528046422
1034.0	2.996135265700483
1035.0	2.996138996138996
1036.0	2.996142719382835
1037.0	2.996146435452794
1038.0	2.996150144369586
1039.0	2.996153846153846
1040.0	2.9961575408261285
1041.0	2.9961612284069097
1042.0	2.9961649089165867
1043.0	2.996168582375479
1044.0	2.996172248803828
1045.0	2.9961759082217974
1046.0	2.9961795606494745
1047.0	2.99618320610687
1048.0	2.996186844613918
1049.0	2.9961904761904763
1050.0	2.9961941008563273
1051.0	2.9961977186311786
1052.0	2.996201329534663
1053.0	2.9962049335863377
1054.0	2.996208530805687
1055.0	2.996212121212121
1056.0	2.9962157048249765
1057.0	2.996219281663516
1058.0	2.996222851746931
1059.0	2.9962264150943394
1060.0	2.9962299717247878
1061.0	2.9962335216572504
1062.0	2.9962370649106305
1063.0	2.9962406015037595
1064.0	2.996244131455399
1065.0	2.99624765478424
1066.0	2.9962511715089035
1067.0	2.9962546816479403
1068.0	2.9962581852198316
1069.0	2.9962616822429906
1070.0	2.996265172735761
1071.0	2.996268656716418
1072.0	2.996272134203169
1073.0	2.996275605214153
1074.0	2.996279069767442
1075.0	2.996282527881041
1076.0	2.9962859795728876
1077.0	2.9962894248608536
1078.0	2.996292863762743
1079.0	2.9962962962962965
1080.0	2.996299722479186
1081.0	2.9963031423290203
1082.0	2.9963065558633426
1083.0	2.996309963099631
1084.0	2.9963133640552995
1085.0	2.9963167587476978
1086.0	2.9963201471941123
1087.0	2.9963235294117645
1088.0	2.9963269054178143
1089.0	2.996330275229358
1090.0	2.996333638863428
1091.0	2.9963369963369964
1092.0	2.9963403476669717
1093.0	2.996343692870201
1094.0	2.99634703196347
1095.0	2.9963503649635035
1096.0	2.9963536918869647
1097.0	2.9963570127504555
1098.0	2.996360327570519
1099.0	2.9963636363636366
1100.0	2.9963669391462306
1101.0	2.9963702359346644
1102.0	2.99637352674524
1103.0	2.996376811594203
1104.0	2.9963800904977376
1105.0	2.996383363471971
1106.0	2.996386630532972
1107.0	2.996389891696751
1108.0	2.9963931469792606
1109.0	2.9963963963963964
1110.0	2.9963996399639963
1111.0	2.9964028776978417
1112.0	2.9964061096136567
1113.0	2.9964093357271095
1114.0	2.9964125560538117
1115.0	2.996415770609319
1116.0	2.996418979409132
1117.0	2.9964221824686943
1118.0	2.9964253798033957
1119.0	2.9964285714285714
1120.0	2.9964317573595003
1121.0	2.9964349376114083
1122.0	2.9964381121994657
1123.0	2.99644128113879
1124.0	2.9964444444444442
1125.0	2.996447602131439
1126.0	2.996450754214729
1127.0	2.99645390070922
1128.0	2.996457041629761
1129.0	2.9964601769911505
1130.0	2.9964633068081343
1131.0	2.9964664310954063
1132.0	2.996469549867608
1133.0	2.99647266313933
1134.0	2.99647577092511
1135.0	2.9964788732394365
1136.0	2.9964819700967458
1137.0	2.9964850615114234
1138.0	2.996488147497805
1139.0	2.9964912280701754
1140.0	2.9964943032427693
1141.0	2.996497373029772
1142.0	2.9965004374453192
1143.0	2.9965034965034967
1144.0	2.996506550218341
1145.0	2.9965095986038395
1146.0	2.996512641673932
1147.0	2.9965156794425085
1148.0	2.996518711923412
1149.0	2.9965217391304346
1150.0	2.9965247610773242
1151.0	2.9965277777777777
1152.0	2.9965307892454467
1153.0	2.996533795493934
1154.0	2.9965367965367964
1155.0	2.9965397923875434
1156.0	2.996542783059637
1157.0	2.996545768566494
1158.0	2.996548748921484
1159.0	2.996551724137931
1160.0	2.996554694229113
1161.0	2.9965576592082614
1162.0	2.996560619088564
1163.0	2.9965635738831615
1164.0	2.9965665236051504
1165.0	2.9965694682675816
1166.0	2.9965724078834617
1167.0	2.9965753424657535
1168.0	2.996578272027374
1169.0	2.9965811965811966
1170.0	2.9965841161400513
1171.0	2.9965870307167237
1172.0	2.9965899403239558
1173.0	2.9965928449744466
1174.0	2.996595744680851
1175.0	2.996598639455782
1176.0	2.9966015293118096
1177.0	2.9966044142614603
1178.0	2.996607294317218
1179.0	2.9966101694915253
1180.0	2.9966130397967823
1181.0	2.996615905245347
1182.0	2.996618765849535
1183.0	2.9966216216216215
1184.0	2.99662447257384
1185.0	2.996627318718381
1186.0	2.996630160067397
1187.0	2.9966329966329965
1188.0	2.99663582842725
1189.0	2.996638655462185
1190.0	2.9966414777497903
1191.0	2.9966442953020134
1192.0	2.996647108130763
1193.0	2.996649916247906
1194.0	2.996652719665272
1195.0	2.9966555183946486
1196.0	2.996658312447786
1197.0	2.996661101836394
1198.0	2.9966638865721436
1199.0	2.9966666666666666
1200.0	2.996669442131557
1201.0	2.9966722129783694
1202.0	2.99667497921862
1203.0	2.9966777408637872
1204.0	2.996680497925311
1205.0	2.9966832504145935
1206.0	2.996685998342999
1207.0	2.9966887417218544
1208.0	2.9966914805624483
1209.0	2.996694214876033
1210.0	2.996696944673823
1211.0	2.9966996699669965
1212.0	2.996702390766694
1213.0	2.99670510708402
1214.0	2.9967078189300413
1215.0	2.9967105263157894
1216.0	2.9967132292522596
1217.0	2.9967159277504103
1218.0	2.9967186218211648
1219.0	2.99672131147541
1220.0	2.996723996723997
1221.0	2.9967266775777412
1222.0	2.9967293540474245
1223.0	2.996732026143791
1224.0	2.996734693877551
1225.0	2.9967373572593803
1226.0	2.9967400162999187
1227.0	2.996742671009772
1228.0	2.9967453213995117
1229.0	2.9967479674796746
1230.0	2.9967506092607636
1231.0	2.9967532467532467
1232.0	2.9967558799675587
1233.0	2.9967585089141004
1234.0	2.996761133603239
1235.0	2.9967637540453076
1236.0	2.996766370250606
1237.0	2.996768982229402
1238.0	2.996771589991929
1239.0	2.996774193548387
1240.0	2.9967767929089444
1241.0	2.996779388083736
1242.0	2.996781979082864
1243.0	2.9967845659163985
1244.0	2.9967871485943776
1245.0	2.9967897271268056
1246.0	2.996792301523657
1247.0	2.996794871794872
1248.0	2.9967974379503604
1249.0	2.9968
1250.0	2.9968025579536373
1251.0	2.9968051118210863
1252.0	2.996807661612131
1253.0	2.996810207336523
1254.0	2.996812749003984
1255.0	2.9968152866242037
1256.0	2.9968178202068416
1257.0	2.9968203497615264
1258.0	2.9968228752978554
1259.0	2.996825396825397
1260.0	2.9968279143536876
1261.0	2.9968304278922346
1262.0	2.9968329374505145
1263.0	2.9968354430379747
1264.0	2.9968379446640316
1265.0	2.9968404423380726
1266.0	2.9968429360694553
1267.0	2.996845425867508
1268.0	2.9968479117415288
1269.0	2.9968503937007873
1270.0	2.996852871754524
1271.0	2.99685534591195
1272.0	2.9968578161822466
1273.0	2.9968602825745685
1274.0	2.9968627450980394
1275.0	2.9968652037617556
1276.0	2.9968676585747844
1277.0	2.996870109546166
1278.0	2.99687255668491
1279.0	2.996875
1280.0	2.9968774395003903
1281.0	2.996879875195008
1282.0	2.9968823070927515
1283.0	2.9968847352024923
1284.0	2.996887159533074
1285.0	2.9968895800933124
1286.0	2.9968919968919967
1287.0	2.9968944099378882
1288.0	2.9968968192397205
1289.0	2.9968992248062016
1290.0	2.996901626646011
1291.0	2.996904024767802
1292.0	2.9969064191802013
1293.0	2.996908809891808
1294.0	2.996911196911197
1295.0	2.996913580246914
1296.0	2.996915959907479
1297.0	2.9969183359013867
1298.0	2.9969207082371057
1299.0	2.996923076923077
1300.0	2.996925441967717
1301.0	2.996927803379416
1302.0	2.9969301611665387
1303.0	2.996932515337423
1304.0	2.996934865900383
1305.0	2.996937212863706
1306.0	2.9969395562356542
1307.0	2.996941896024465
1308.0	2.99694423223835
1309.0	2.996946564885496
1310.0	2.9969488939740656
1311.0	2.9969512195121952
1312.0	2.996953541507997
1313.0	2.9969558599695585
1314.0	2.9969581749049428
1315.0	2.9969604863221884
1316.0	2.996962794229309
1317.0	2.9969650986342944
1318.0	2.99696739954511
1319.0	2.996969696969697
1320.0	2.9969719909159727
1321.0	2.9969742813918305
1322.0	2.99697656840514
1323.0	2.996978851963746
1324.0	2.996981132075472
1325.0	2.9969834087481146
1326.0	2.99698568198945
1327.0	2.996987951807229
1328.0	2.99699021820918
1329.0	2.9969924812030073
1330.0	2.9969947407963935
1331.0	2.996996996996997
1332.0	2.996999249812453
1333.0	2.997001499250375
1334.0	2.9970037453183522
1335.0	2.997005988023952
1336.0	2.9970082273747196
1337.0	2.9970104633781762
1338.0	2.997012696041822
1339.0	2.997014925373134
1340.0	2.9970171513795676
1341.0	2.9970193740685542
1342.0	2.9970215934475055
1343.0	2.9970238095238093
1344.0	2.9970260223048326
1345.0	2.9970282317979198
1346.0	2.9970304380103934
1347.0	2.9970326409495547
1348.0	2.9970348406226837
1349.0	2.997037037037037
1350.0	2.997039230199852
1351.0	2.997041420118343
1352.0	2.9970436067997044
1353.0	2.9970457902511076
1354.0	2.997047970479705
1355.0	2.9970501474926254
1356.0	2.997052321296979
1357.0	2.9970544918998527
1358.0	2.9970566593083148
1359.0	2.9970588235294118
1360.0	2.997060984570169
1361.0	2.9970631424375918
1362.0	2.997065297138665
1363.0	2.997067448680352
1364.0	2.997069597069597
1365.0	2.9970717423133237
1366.0	2.9970738844184344
1367.0	2.997076023391813
1368.0	2.9970781592403215
1369.0	2.997080291970803
1370.0	2.9970824215900804
1371.0	2.997084548104956
1372.0	2.997086671522214
1373.0	2.997088791848617
1374.0	2.9970909090909092
1375.0	2.997093023255814
1376.0	2.9970951343500363
1377.0	2.9970972423802613
1378.0	2.9970993473531546
1379.0	2.9971014492753625
1380.0	2.997103548153512
1381.0	2.997105643994211
1382.0	2.997107736804049
1383.0	2.9971098265895955
1384.0	2.9971119133574007
1385.0	2.9971139971139973
1386.0	2.9971160778658974
1387.0	2.9971181556195967
1388.0	2.9971202303815696
1389.0	2.9971223021582736
1390.0	2.9971243709561466
1391.0	2.9971264367816093
1392.0	2.9971284996410623
1393.0	2.9971305595408895
1394.0	2.997132616487455
1395.0	2.997134670487106
1396.0	2.99713672154617
1397.0	2.9971387696709586
1398.0	2.9971408148677625
1399.0	2.9971428571428573
1400.0	2.997144896502498
1401.0	2.9971469329529246
1402.0	2.9971489665003563
1403.0	2.9971509971509973
1404.0	2.997153024911032
1405.0	2.997155049786629
1406.0	2.9971570717839375
1407.0	2.997159090909091
1408.0	2.9971611071682043
1409.0	2.997163120567376
1410.0	2.997165131112686
1411.0	2.997167138810198
1412.0	2.997169143665959
1413.0	2.9971711456859973
1414.0	2.9971731448763252
1415.0	2.9971751412429377
1416.0	2.997177134791814
1417.0	2.997179125528914
1418.0	2.9971811134601833
1419.0	2.9971830985915493
1420.0	2.997185080928923
1421.0	2.9971870604781996
1422.0	2.9971890372452563
1423.0	2.997191011235955
1424.0	2.9971929824561405
1425.0	2.997194950911641
1426.0	2.997196916608269
1427.0	2.9971988795518207
1428.0	2.9972008397480754
1429.0	2.9972027972027973
1430.0	2.997204751921733
1431.0	2.9972067039106145
1432.0	2.997208653175157
1433.0	2.99721059972106
1434.0	2.997212543554007
1435.0	2.997214484679666
1436.0	2.9972164231036884
1437.0	2.9972183588317107
1438.0	2.9972202918693536
1439.0	2.9972222222222222
1440.0	2.9972241498959056
1441.0	2.997226074895978
1442.0	2.997227997227997
1443.0	2.9972299168975067
1444.0	2.9972318339100346
1445.0	2.9972337482710927
1446.0	2.9972356599861785
1447.0	2.9972375690607733
1448.0	2.997239475500345
1449.0	2.9972413793103447
1450.0	2.9972432804962095
1451.0	2.997245179063361
1452.0	2.997247075017206
1453.0	2.9972489683631363
1454.0	2.997250859106529
1455.0	2.9972527472527473
1456.0	2.997254632807138
1457.0	2.9972565157750344
1458.0	2.9972583961617545
1459.0	2.9972602739726026
1460.0	2.997262149212868
1461.0	2.997264021887825
1462.0	2.997265892002734
1463.0	2.9972677595628414
1464.0	2.997269624573379
1465.0	2.9972714870395634
1466.0	2.9972733469665984
1467.0	2.997275204359673
1468.0	2.9972770592239617
1469.0	2.9972789115646257
1470.0	2.9972807613868118
1471.0	2.9972826086956523
1472.0	2.997284453496266
1473.0	2.9972862957937583
1474.0	2.9972881355932204
1475.0	2.997289972899729
1476.0	2.997291807718348
1477.0	2.997293640054127
1478.0	2.997295469912103
1479.0	2.997297297297297
1480.0	2.9972991222147196
1481.0	2.997300944669366
1482.0	2.997302764666217
1483.0	2.9973045822102424
1484.0	2.997306397306397
1485.0	2.9973082099596233
1486.0	2.9973100201748486
1487.0	2.997311827956989
1488.0	2.997313633310947
1489.0	2.997315436241611
1490.0	2.9973172367538563
1491.0	2.997319034852547
1492.0	2.997320830542532
1493.0	2.997322623828648
1494.0	2.997324414715719
1495.0	2.9973262032085564
1496.0	2.997327989311957
1497.0	2.9973297730307076
1498.0	2.9973315543695795
1499.0	2.997333333333333
1500.0	2.9973351099267154
1501.0	2.9973368841544605
1502.0	2.9973386560212907
1503.0	2.997340425531915
1504.0	2.99734219269103
1505.0	2.99734395750332
1506.0	2.997345719973457
1507.0	2.9973474801061006
1508.0	2.997349237905898
1509.0	2.9973509933774833
1510.0	2.99735274652548
1511.0	2.997354497354497
1512.0	2.9973562458691343
1513.0	2.9973579920739764
1514.0	2.9973597359735975
1515.0	2.9973614775725594
1516.0	2.997363216875412
1517.0	2.997364953886693
1518.0	2.9973666886109283
1519.0	2.9973684210526317
1520.0	2.997370151216305
1521.0	2.997371879106439
1522.0	2.9973736047275117
1523.0	2.9973753280839897
1524.0	2.997377049180328
1525.0	2.99737876802097
1526.0	2.997380484610347
1527.0	2.9973821989528795
1528.0	2.997383911052976
1529.0	2.9973856209150327
1530.0	2.997387328543436
1531.0	2.9973890339425586
1532.0	2.9973907371167643
1533.0	2.997392438070404
1534.0	2.9973941368078174
1535.0	2.9973958333333335
1536.0	2.9973975276512688
1537.0	2.9973992197659296
1538.0	2.997400909681611
1539.0	2.9974025974025973
1540.0	2.9974042829331604
1541.0	2.9974059662775616
1542.0	2.9974076474400517
1543.0	2.9974093264248705
1544.0	2.997411003236246
1545.0	2.997412677878396
1546.0	2.997414350355527
1547.0	2.9974160206718348
1548.0	2.9974176888315043
1549.0	2.99741935483871
1550.0	2.9974210186976142
1551.0	2.997422680412371
1552.0	2.9974243399871217
1553.0	2.9974259974259976
1554.0	2.997427652733119
1555.0	2.9974293059125965
1556.0	2.9974309569685293
1557.0	2.9974326059050065
1558.0	2.9974342527261064
1559.0	2.9974358974358974
1560.0	2.9974375400384368
1561.0	2.9974391805377723
1562.0	2.99744081893794
1563.0	2.997442455242967
1564.0	2.997444089456869
1565.0	2.9974457215836527
1566.0	2.9974473516273132
1567.0	2.997448979591837
1568.0	2.9974506054811982
1569.0	2.997452229299363
1570.0	2.9974538510502864
1571.0	2.9974554707379135
1572.0	2.997457088366179
1573.0	2.997458703939009
1574.0	2.9974603174603174
1575.0	2.99746192893401
1576.0	2.997463538363982
1577.0	2.997465145754119
1578.0	2.997466751108296
1579.0	2.9974683544303797
1580.0	2.9974699557242253
1581.0	2.997471554993679
1582.0	2.9974731522425775
1583.0	2.9974747474747474
1584.0	2.997476340694006
1585.0	2.9974779319041613
1586.0	2.997479521109011
1587.0	2.9974811083123427
1588.0	2.9974826935179357
1589.0	2.9974842767295597
1590.0	2.9974858579509744
1591.0	2.9974874371859297
1592.0	2.997489014438167
1593.0	2.997490589711418
1594.0	2.9974921630094045
1595.0	2.9974937343358397
1596.0	2.997495303694427
1597.0	2.997496871088861
1598.0	2.9974984365228265
1599.0	2.9975
1600.0	2.9975015615240475
1601.0	2.9975031210986267
1602.0	2.997504678727386
1603.0	2.997506234413965
1604.0	2.9975077881619936
1605.0	2.9975093399750934
1606.0	2.9975108898568763
1607.0	2.9975124378109452
1608.0	2.997513983840895
1609.0	2.9975155279503105
1610.0	2.9975170701427682
1611.0	2.997518610421836
1612.0	2.9975201487910725
1613.0	2.997521685254027
1614.0	2.9975232198142416
1615.0	2.9975247524752477
1616.0	2.997526283240569
1617.0	2.9975278121137205
1618.0	2.9975293390982087
1619.0	2.9975308641975307
1620.0	2.997532387415176
1621.0	2.9975339087546238
1622.0	2.9975354282193467
1623.0	2.997536945812808
1624.0	2.9975384615384617
1625.0	2.997539975399754
1626.0	2.997541487400123
1627.0	2.9975429975429977
1628.0	2.9975445058317987
1629.0	2.9975460122699387
1630.0	2.9975475168608217
1631.0	2.997549019607843
1632.0	2.9975505205143906
1633.0	2.997552019583843
1634.0	2.997553516819572
1635.0	2.997555012224939
1636.0	2.9975565058032987
1637.0	2.9975579975579976
1638.0	2.9975594874923734
1639.0	2.997560975609756
1640.0	2.9975624619134673
1641.0	2.997563946406821
1642.0	2.997565429093122
1643.0	2.997566909975669
1644.0	2.9975683890577507
1645.0	2.9975698663426487
1646.0	2.9975713418336367
1647.0	2.9975728155339807
1648.0	2.9975742874469375
1649.0	2.9975757575757576
1650.0	2.9975772259236826
1651.0	2.997578692493947
1652.0	2.997580157289776
1653.0	2.9975816203143895
1654.0	2.997583081570997
1655.0	2.997584541062802
1656.0	2.9975859987929994
1657.0	2.9975874547647767
1658.0	2.997588908981314
1659.0	2.9975903614457833
1660.0	2.9975918121613487
1661.0	2.997593261131167
1662.0	2.9975947083583883
1663.0	2.9975961538461537
1664.0	2.9975975975975975
1665.0	2.9975990396158463
1666.0	2.997600479904019
1667.0	2.997601918465228
1668.0	2.9976033553025765
1669.0	2.9976047904191616
1670.0	2.997606223818073
1671.0	2.9976076555023923
1672.0	2.9976090854751942
1673.0	2.997610513739546
1674.0	2.9976119402985075
1675.0	2.9976133651551313
1676.0	2.997614788312463
1677.0	2.9976162097735397
1678.0	2.9976176295413937
1679.0	2.9976190476190476
1680.0	2.9976204640095183
1681.0	2.9976218787158144
1682.0	2.997623291740939
1683.0	2.997624703087886
1684.0	2.9976261127596437
1685.0	2.997627520759193
1686.0	2.997628927089508
1687.0	2.9976303317535544
1688.0	2.9976317347542927
1689.0	2.9976331360946746
1690.0	2.9976345357776464
1691.0	2.9976359338061465
1692.0	2.9976373301831067
1693.0	2.997638724911452
1694.0	2.9976401179941004
1695.0	2.9976415094339623
1696.0	2.9976428992339423
1697.0	2.9976442873969376
1698.0	2.9976456739258386
1699.0	2.9976470588235293
1700.0	2.9976484420928866
1701.0	2.99764982373678
1702.0	2.997651203758074
1703.0	2.9976525821596245
1704.0	2.9976539589442814
1705.0	2.9976553341148886
1706.0	2.9976567076742824
1707.0	2.997658079625293
1708.0	2.997659449970743
1709.0	2.99766081871345
1710.0	2.9976621858562242
1711.0	2.9976635514018692
1712.0	2.9976649153531816
1713.0	2.9976662777129524
1714.0	2.997667638483965
1715.0	2.9976689976689976
1716.0	2.997670355270821
1717.0	2.9976717112922002
1718.0	2.997673065735893
1719.0	2.9976744186046513
1720.0	2.99767576990122
1721.0	2.997677119628339
1722.0	2.9976784677887407
1723.0	2.9976798143851506
1724.0	2.99768115942029
1725.0	2.9976825028968714
1726.0	2.997683844817603
1727.0	2.997685185185185
1728.0	2.9976865240023134
1729.0	2.997687861271676
1730.0	2.9976891969959563
1731.0	2.9976905311778292
1732.0	2.9976918638199654
1733.0	2.997693194925029
1734.0	2.997694524495677
1735.0	2.9976958525345623
1736.0	2.997697179044329
1737.0	2.997698504027618
1738.0	2.9976998274870614
1739.0	2.9977011494252874
1740.0	2.9977024698449166
1741.0	2.9977037887485647
1742.0	2.997705106138841
1743.0	2.9977064220183487
1744.0	2.997707736389685
1745.0	2.997709049255441
1746.0	2.9977103606182025
1747.0	2.997711670480549
1748.0	2.9977129788450543
1749.0	2.9977142857142858
1750.0	2.997715591090805
1751.0	2.997716894977169
1752.0	2.997718197375927
1753.0	2.997719498289624
1754.0	2.9977207977207976
1755.0	2.997722095671982
1756.0	2.9977233921457027
1757.0	2.9977246871444825
1758.0	2.9977259806708356
1759.0	2.9977272727272726
1760.0	2.9977285633162976
1761.0	2.9977298524404086
1762.0	2.9977311401020987
1763.0	2.997732426303855
1764.0	2.9977337110481588
1765.0	2.997734994337486
1766.0	2.9977362761743067
1767.0	2.997737556561086
1768.0	2.9977388355002828
1769.0	2.99774011299435
1770.0	2.997741389045737
1771.0	2.9977426636568847
1772.0	2.9977439368302314
1773.0	2.9977452085682073
1774.0	2.9977464788732395
1775.0	2.9977477477477477
1776.0	2.9977490151941475
1777.0	2.997750281214848
1778.0	2.997751545812254
1779.0	2.997752808988764
1780.0	2.9977540707467716
1781.0	2.997755331088664
1782.0	2.9977565900168255
1783.0	2.997757847533632
1784.0	2.9977591036414566
1785.0	2.9977603583426653
1786.0	2.9977616116396195
1787.0	2.9977628635346756
1788.0	2.9977641140301845
1789.0	2.9977653631284915
1790.0	2.9977666108319374
1791.0	2.997767857142857
1792.0	2.9977691020635806
1793.0	2.9977703455964324
1794.0	2.9977715877437325
1795.0	2.997772828507795
1796.0	2.9977740678909295
1797.0	2.9977753058954395
1798.0	2.9977765425236242
1799.0	2.997777777777778
1800.0	2.997779011660189
1801.0	2.997780244173141
1802.0	2.997781475318913
1803.0	2.997782705099778
1804.0	2.9977839335180057
1805.0	2.9977851605758583
1806.0	2.997786386275595
1807.0	2.997787610619469
1808.0	2.997788833609729
1809.0	2.9977900552486187
1810.0	2.9977912755383764
1811.0	2.9977924944812364
1812.0	2.9977937120794262
1813.0	2.997794928335171
1814.0	2.9977961432506888
1815.0	2.997797356828194
1816.0	2.9977985690698956
1817.0	2.997799779977998
1818.0	2.9978009895547
1819.0	2.997802197802198
1820.0	2.99780340472268
1821.0	2.9978046103183313
1822.0	2.997805814591333
1823.0	2.9978070175438596
1824.0	2.9978082191780824
1825.0	2.9978094194961664
1826.0	2.9978106185002735
1827.0	2.99781181619256
1828.0	2.9978130125751776
1829.0	2.9978142076502734
1830.0	2.997815401419989
1831.0	2.997816593886463
1832.0	2.9978177850518275
1833.0	2.9978189749182116
1834.0	2.9978201634877384
1835.0	2.997821350762527
1836.0	2.9978225367446925
1837.0	2.997823721436344
1838.0	2.997824904839587
1839.0	2.997826086956522
1840.0	2.997827267789245
1841.0	2.997828447339848
1842.0	2.997829625610418
1843.0	2.997830802603037
1844.0	2.997831978319783
1845.0	2.9978331527627304
1846.0	2.997834325933947
1847.0	2.997835497835498
1848.0	2.997836668469443
1849.0	2.997837837837838
1850.0	2.997839005942734
1851.0	2.997840172786177
1852.0	2.9978413383702103
1853.0	2.9978425026968716
1854.0	2.997843665768194
1855.0	2.997844827586207
1856.0	2.997845988152935
1857.0	2.9978471474703983
1858.0	2.997848305540613
1859.0	2.9978494623655916
1860.0	2.99785061794734
1861.0	2.9978517722878624
1862.0	2.9978529253891573
1863.0	2.9978540772532187
1864.0	2.9978552278820376
1865.0	2.997856377277599
1866.0	2.9978575254418853
1867.0	2.9978586723768736
1868.0	2.997859818084537
1869.0	2.997860962566845
1870.0	2.9978621058257615
1871.0	2.997863247863248
1872.0	2.99786438868126
1873.0	2.9978655282817503
1874.0	2.9978666666666665
1875.0	2.997867803837953
1876.0	2.997868939797549
1877.0	2.9978700745473907
1878.0	2.997871208089409
1879.0	2.997872340425532
1880.0	2.997873471557682
1881.0	2.997874601487779
1882.0	2.9978757302177375
1883.0	2.997876857749469
1884.0	2.9978779840848806
1885.0	2.9978791092258747
1886.0	2.997880233174351
1887.0	2.9978813559322033
1888.0	2.9978824775013235
1889.0	2.997883597883598
1890.0	2.9978847170809098
1891.0	2.9978858350951376
1892.0	2.9978869519281566
1893.0	2.9978880675818376
1894.0	2.9978891820580476
1895.0	2.99789029535865
1896.0	2.9978914074855036
1897.0	2.9978925184404637
1898.0	2.997893628225382
1899.0	2.997894736842105
1900.0	2.9978958442924775
1901.0	2.9978969505783386
1902.0	2.997898055701524
1903.0	2.9978991596638656
1904.0	2.9979002624671915
1905.0	2.9979013641133263
1906.0	2.99790246460409
1907.0	2.9979035639413
1908.0	2.9979046621267678
1909.0	2.9979057591623035
1910.0	2.9979068550497123
1911.0	2.997907949790795
1912.0	2.9979090433873496
1913.0	2.9979101358411704
1914.0	2.997911227154047
1915.0	2.997912317327766
1916.0	2.9979134063641104
1917.0	2.997914494264859
1918.0	2.9979155810317875
1919.0	2.997916666666667
1920.0	2.997917751171265
1921.0	2.9979188345473466
1922.0	2.997919916796672
1923.0	2.997920997920998
1924.0	2.997922077922078
1925.0	2.9979231568016615
1926.0	2.9979242345614945
1927.0	2.9979253112033195
1928.0	2.9979263867288752
1929.0	2.9979274611398963
1930.0	2.997928534438115
1931.0	2.997929606625259
1932.0	2.997930677703052
1933.0	2.997931747673216
1934.0	2.997932816537468
1935.0	2.9979338842975207
1936.0	2.997934950955085
1937.0	2.997936016511868
1938.0	2.997937080969572
1939.0	2.997938144329897
1940.0	2.997939206594539
1941.0	2.9979402677651907
1942.0	2.9979413278435407
1943.0	2.9979423868312756
1944.0	2.997943444730077
1945.0	2.9979445015416237
1946.0	2.9979455572675913
1947.0	2.9979466119096507
1948.0	2.9979476654694714
1949.0	2.997948717948718
1950.0	2.9979497693490518
1951.0	2.997950819672131
1952.0	2.997951868919611
1953.0	2.9979529170931425
1954.0	2.9979539641943735
1955.0	2.997955010224949
1956.0	2.99795605518651
1957.0	2.9979570990806947
1958.0	2.9979581419091375
1959.0	2.9979591836734696
1960.0	2.9979602243753187
1961.0	2.99796126401631
1962.0	2.997962302598064
1963.0	2.9979633401221997
1964.0	2.997964376590331
1965.0	2.9979654120040693
1966.0	2.997966446365023
1967.0	2.997967479674797
1968.0	2.9979685119349924
1969.0	2.997969543147208
1970.0	2.997970573313039
1971.0	2.997971602434077
1972.0	2.997972630511911
1973.0	2.9979736575481257
1974.0	2.997974683544304
1975.0	2.9979757085020244
1976.0	2.9979767324228628
1977.0	2.9979777553083924
1978.0	2.997978777160182
1979.0	2.997979797979798
1980.0	2.9979808177688034
1981.0	2.997981836528759
1982.0	2.9979828542612204
1983.0	2.997983870967742
1984.0	2.997984886649874
1985.0	2.997985901309164
1986.0	2.9979869149471563
1987.0	2.9979879275653922
1988.0	2.9979889391654098
1989.0	2.9979899497487437
1990.0	2.997990959316926
1991.0	2.997991967871486
1992.0	2.9979929754139487
1993.0	2.9979939819458377
1994.0	2.9979949874686715
