0.0	NaN
1.0	NaN
2.0	NaN
3.0	3.0
4.0	3.0
5.0	3.0
6.0	3.0
7.0	3.0
8.0	3.0
9.0	3.0
10.0	3.0
11.0	3.0
12.0	3.0
13.0	3.0
14.0	3.0
15.0	3.0
16.0	3.0
17.0	3.0
18.0	3.0
19.0	3.0
20.0	3.0
21.0	3.0
22.0	3.0
23.0	3.0
24.0	3.0
25.0	3.0
26.0	2.888888888888889
27.0	2.888888888888889
28.0	2.888888888888889
29.0	2.9
30.0	2.909090909090909
31.0	2.909090909090909
32.0	2.9166666666666665
33.0	2.9166666666666665
34.0	2.923076923076923
35.0	2.923076923076923
36.0	2.9285714285714284
37.0	2.9285714285714284
38.0	2.9285714285714284
39.0	2.9285714285714284
40.0	2.933333333333333
41.0	2.9375
42.0	2.9411764705882355
43.0	2.9444444444444446
44.0	2.9444444444444446
45.0	2.9473684210526314
46.0	2.9473684210526314
47.0	2.9473684210526314
48.0	2.9473684210526314
49.0	2.95
50.0	2.9523809523809526
51.0	2.909090909090909
52.0	2.909090909090909
53.0	2.909090909090909
54.0	2.909090909090909
55.0	2.9130434782608696
56.0	2.9130434782608696
57.0	2.9166666666666665
58.0	2.9166666666666665
59.0	2.92
60.0	2.92
61.0	2.92
62.0	2.92
63.0	2.92
64.0	2.92
65.0	2.923076923076923
66.0	2.925925925925926
67.0	2.9285714285714284
68.0	2.9310344827586206
69.0	2.933333333333333
70.0	2.933333333333333
71.0	2.933333333333333
72.0	2.933333333333333
73.0	2.933333333333333
74.0	2.935483870967742
75.0	2.935483870967742
76.0	2.9375
77.0	2.9393939393939394
78.0	2.9411764705882355
79.0	2.9411764705882355
80.0	2.9411764705882355
81.0	2.9411764705882355
82.0	2.942857142857143
83.0	2.942857142857143
84.0	2.942857142857143
85.0	2.942857142857143
86.0	2.942857142857143
87.0	2.9444444444444446
88.0	2.9444444444444446
89.0	2.945945945945946
90.0	2.9473684210526314
91.0	2.9473684210526314
92.0	2.948717948717949
93.0	2.948717948717949
94.0	2.95
95.0	2.951219512195122
96.0	2.951219512195122
97.0	2.951219512195122
98.0	2.951219512195122
99.0	2.9523809523809526
100.0	2.9523809523809526
101.0	2.953488372093023
102.0	2.9545454545454546
103.0	2.9555555555555557
104.0	2.9555555555555557
105.0	2.9555555555555557
106.0	2.9555555555555557
107.0	2.9555555555555557
108.0	2.9555555555555557
109.0	2.9565217391304346
110.0	2.9565217391304346
111.0	2.9574468085106385
112.0	2.9583333333333335
113.0	2.9591836734693877
114.0	2.9591836734693877
115.0	2.9591836734693877
116.0	2.96
117.0	2.96
118.0	2.96
119.0	2.9607843137254903
120.0	2.9607843137254903
121.0	2.9607843137254903
122.0	2.9615384615384617
123.0	2.9622641509433962
124.0	2.9622641509433962
125.0	2.962962962962963
126.0	2.963636363636364
127.0	2.963636363636364
128.0	2.963636363636364
129.0	2.963636363636364
130.0	2.963636363636364
131.0	2.9642857142857144
132.0	2.9642857142857144
133.0	2.9649122807017543
134.0	2.9655172413793105
135.0	2.9661016949152543
136.0	2.966666666666667
137.0	2.9672131147540983
138.0	2.9672131147540983
139.0	2.9672131147540983
140.0	2.9672131147540983
141.0	2.9672131147540983
142.0	2.967741935483871
143.0	2.9682539682539684
144.0	2.9682539682539684
145.0	2.9682539682539684
146.0	2.96875
147.0	2.96875
148.0	2.96875
149.0	2.9692307692307693
150.0	2.9692307692307693
151.0	2.9696969696969697
152.0	2.9696969696969697
153.0	2.9696969696969697
154.0	2.970149253731343
155.0	2.970149253731343
156.0	2.9705882352941178
157.0	2.971014492753623
158.0	2.971014492753623
159.0	2.9714285714285715
160.0	2.971830985915493
161.0	2.971830985915493
162.0	2.971830985915493
163.0	2.971830985915493
164.0	2.9722222222222223
165.0	2.9722222222222223
166.0	2.9726027397260273
167.0	2.972972972972973
168.0	2.973333333333333
169.0	2.973333333333333
170.0	2.973684210526316
171.0	2.973684210526316
172.0	2.9740259740259742
173.0	2.9743589743589745
174.0	2.9743589743589745
175.0	2.9743589743589745
176.0	2.9743589743589745
177.0	2.9746835443037973
178.0	2.9746835443037973
179.0	2.9746835443037973
180.0	2.9746835443037973
181.0	2.9746835443037973
182.0	2.975
183.0	2.9753086419753085
184.0	2.975609756097561
185.0	2.9759036144578315
186.0	2.9761904761904763
187.0	2.9761904761904763
188.0	2.9761904761904763
189.0	2.9761904761904763
190.0	2.976470588235294
191.0	2.976470588235294
192.0	2.976470588235294
193.0	2.9767441860465116
194.0	2.9770114942528734
195.0	2.9770114942528734
196.0	2.977272727272727
197.0	2.977272727272727
198.0	2.9775280898876404
199.0	2.977777777777778
200.0	2.978021978021978
201.0	2.9782608695652173
202.0	2.9782608695652173
203.0	2.978494623655914
204.0	2.978723404255319
205.0	2.978723404255319
206.0	2.978723404255319
207.0	2.978723404255319
208.0	2.9789473684210526
209.0	2.9791666666666665
210.0	2.979381443298969
211.0	2.979381443298969
212.0	2.979591836734694
213.0	2.9797979797979797
214.0	2.9797979797979797
215.0	2.98
216.0	2.98019801980198
217.0	2.98019801980198
218.0	2.98019801980198
219.0	2.98019801980198
220.0	2.98019801980198
221.0	2.980392156862745
222.0	2.980392156862745
223.0	2.9805825242718447
224.0	2.980769230769231
225.0	2.980952380952381
226.0	2.981132075471698
227.0	2.981132075471698
228.0	2.9813084112149535
229.0	2.9813084112149535
230.0	2.9813084112149535
231.0	2.9813084112149535
232.0	2.9814814814814814
233.0	2.981651376146789
234.0	2.981818181818182
235.0	2.981981981981982
236.0	2.981981981981982
237.0	2.982142857142857
238.0	2.982142857142857
239.0	2.982300884955752
240.0	2.982300884955752
241.0	2.982300884955752
242.0	2.982300884955752
243.0	2.982300884955752
244.0	2.982456140350877
245.0	2.982608695652174
246.0	2.9827586206896552
247.0	2.9827586206896552
248.0	2.9827586206896552
249.0	2.982905982905983
250.0	2.983050847457627
251.0	2.9831932773109244
252.0	2.9833333333333334
253.0	2.9834710743801653
254.0	2.9834710743801653
255.0	2.9836065573770494
256.0	2.983739837398374
257.0	2.9838709677419355
258.0	2.9838709677419355
259.0	2.984
260.0	2.984
261.0	2.984126984126984
262.0	2.984126984126984
263.0	2.984126984126984
264.0	2.984251968503937
265.0	2.984251968503937
266.0	2.984375
267.0	2.984375
268.0	2.984375
269.0	2.984375
270.0	2.9844961240310077
271.0	2.9846153846153847
272.0	2.984732824427481
273.0	2.984732824427481
274.0	2.984848484848485
275.0	2.9849624060150375
276.0	2.9849624060150375
277.0	2.9849624060150375
278.0	2.985074626865672
279.0	2.985074626865672
280.0	2.985074626865672
281.0	2.985074626865672
282.0	2.9851851851851854
283.0	2.985294117647059
284.0	2.985294117647059
285.0	2.985294117647059
286.0	2.985294117647059
287.0	2.985294117647059
288.0	2.9854014598540144
289.0	2.9854014598540144
290.0	2.9855072463768115
291.0	2.985611510791367
292.0	2.985611510791367
293.0	2.985611510791367
294.0	2.985611510791367
295.0	2.985611510791367
296.0	2.9857142857142858
297.0	2.9857142857142858
298.0	2.9858156028368796
299.0	2.9859154929577465
300.0	2.9859154929577465
301.0	2.9859154929577465
302.0	2.9859154929577465
303.0	2.9859154929577465
304.0	2.9859154929577465
305.0	2.9859154929577465
306.0	2.986013986013986
307.0	2.986111111111111
308.0	2.986206896551724
309.0	2.986206896551724
310.0	2.9863013698630136
311.0	2.9863013698630136
312.0	2.9863013698630136
313.0	2.9863945578231292
314.0	2.9863945578231292
315.0	2.9864864864864864
316.0	2.9864864864864864
317.0	2.9864864864864864
318.0	2.9865771812080535
319.0	2.986666666666667
320.0	2.986666666666667
321.0	2.986666666666667
322.0	2.986666666666667
323.0	2.986754966887417
324.0	2.986754966887417
325.0	2.986754966887417
326.0	2.986842105263158
327.0	2.986842105263158
328.0	2.986842105263158
329.0	2.9869281045751634
330.0	2.9869281045751634
331.0	2.9869281045751634
332.0	2.987012987012987
333.0	2.9870967741935486
334.0	2.9870967741935486
335.0	2.9871794871794872
336.0	2.9872611464968153
337.0	2.9872611464968153
338.0	2.9873417721518987
339.0	2.9873417721518987
340.0	2.9874213836477987
341.0	2.9875
342.0	2.9875
343.0	2.987577639751553
344.0	2.9876543209876543
345.0	2.9876543209876543
346.0	2.9876543209876543
347.0	2.9876543209876543
348.0	2.9876543209876543
349.0	2.9877300613496933
350.0	2.9878048780487805
351.0	2.987878787878788
352.0	2.9879518072289155
353.0	2.9879518072289155
354.0	2.9879518072289155
355.0	2.9879518072289155
356.0	2.9880239520958085
357.0	2.988095238095238
358.0	2.988095238095238
359.0	2.9881656804733727
360.0	2.9881656804733727
361.0	2.988235294117647
362.0	2.988235294117647
363.0	2.988235294117647
364.0	2.9883040935672516
365.0	2.9883040935672516
366.0	2.9883040935672516
367.0	2.988372093023256
368.0	2.9884393063583814
369.0	2.9885057471264367
370.0	2.9885714285714284
371.0	2.9885714285714284
372.0	2.9885714285714284
373.0	2.9886363636363638
374.0	2.9886363636363638
375.0	2.9886363636363638
376.0	2.9886363636363638
377.0	2.9887005649717513
378.0	2.9887005649717513
379.0	2.9887640449438204
380.0	2.988826815642458
381.0	2.988888888888889
382.0	2.9889502762430937
383.0	2.9889502762430937
384.0	2.989010989010989
385.0	2.989071038251366
386.0	2.989071038251366
387.0	2.989071038251366
388.0	2.989130434782609
389.0	2.989130434782609
390.0	2.9891891891891893
391.0	2.989247311827957
392.0	2.989247311827957
393.0	2.9893048128342246
394.0	2.9893617021276597
395.0	2.9893617021276597
396.0	2.9893617021276597
397.0	2.9893617021276597
398.0	2.9893617021276597
399.0	2.9894179894179893
400.0	2.9894736842105263
401.0	2.9894736842105263
402.0	2.9894736842105263
403.0	2.9895287958115184
404.0	2.9895287958115184
405.0	2.9895833333333335
406.0	2.9895833333333335
407.0	2.9895833333333335
408.0	2.9895833333333335
409.0	2.989637305699482
410.0	2.989637305699482
411.0	2.9896907216494846
412.0	2.98974358974359
413.0	2.98974358974359
414.0	2.98974358974359
415.0	2.98974358974359
416.0	2.98974358974359
417.0	2.989795918367347
418.0	2.989795918367347
419.0	2.989847715736041
420.0	2.989847715736041
421.0	2.98989898989899
422.0	2.98989898989899
423.0	2.9899497487437188
424.0	2.9899497487437188
425.0	2.99
426.0	2.990049751243781
427.0	2.990049751243781
428.0	2.990049751243781
429.0	2.990049751243781
430.0	2.99009900990099
431.0	2.99009900990099
432.0	2.99009900990099
433.0	2.9901477832512313
434.0	2.9901477832512313
435.0	2.9901477832512313
436.0	2.9901960784313726
437.0	2.9901960784313726
438.0	2.9902439024390244
439.0	2.9902439024390244
440.0	2.9902439024390244
441.0	2.9902439024390244
442.0	2.9902439024390244
443.0	2.9902912621359223
444.0	2.9902912621359223
445.0	2.9903381642512077
446.0	2.9903846153846154
447.0	2.9904306220095696
448.0	2.9904306220095696
449.0	2.9904306220095696
450.0	2.9904306220095696
451.0	2.9904306220095696
452.0	2.9904306220095696
453.0	2.9904306220095696
454.0	2.9904761904761905
455.0	2.990521327014218
456.0	2.990566037735849
457.0	2.990566037735849
458.0	2.9906103286384975
459.0	2.9906542056074765
460.0	2.9906542056074765
461.0	2.9906976744186045
462.0	2.990740740740741
463.0	2.990740740740741
464.0	2.990740740740741
465.0	2.990740740740741
466.0	2.990740740740741
467.0	2.9907834101382487
468.0	2.9907834101382487
469.0	2.9908256880733943
470.0	2.9908256880733943
471.0	2.9908256880733943
472.0	2.9908256880733943
473.0	2.990867579908676
474.0	2.990867579908676
475.0	2.990867579908676
476.0	2.990867579908676
477.0	2.9909090909090907
478.0	2.9909090909090907
479.0	2.990950226244344
480.0	2.990990990990991
481.0	2.990990990990991
482.0	2.991031390134529
483.0	2.9910714285714284
484.0	2.991111111111111
485.0	2.991111111111111
486.0	2.9911504424778763
487.0	2.9911504424778763
488.0	2.9911504424778763
489.0	2.9911894273127753
490.0	2.991228070175439
491.0	2.991228070175439
492.0	2.991228070175439
493.0	2.991228070175439
494.0	2.9912663755458517
495.0	2.9912663755458517
496.0	2.9912663755458517
497.0	2.9912663755458517
498.0	2.9912663755458517
499.0	2.991304347826087
500.0	2.9913419913419914
501.0	2.9913793103448274
502.0	2.9913793103448274
503.0	2.9913793103448274
504.0	2.9913793103448274
505.0	2.9913793103448274
506.0	2.9914163090128754
507.0	2.9914529914529915
508.0	2.991489361702128
509.0	2.991489361702128
510.0	2.991489361702128
511.0	2.991489361702128
512.0	2.991489361702128
513.0	2.9915254237288136
514.0	2.9915254237288136
515.0	2.9915611814345993
516.0	2.991596638655462
517.0	2.991596638655462
518.0	2.99163179916318
519.0	2.9916666666666667
520.0	2.991701244813278
521.0	2.991701244813278
522.0	2.991701244813278
523.0	2.991701244813278
524.0	2.991701244813278
525.0	2.991701244813278
526.0	2.991701244813278
527.0	2.991701244813278
528.0	2.991701244813278
529.0	2.9917355371900825
530.0	2.9917695473251027
531.0	2.9918032786885247
532.0	2.9918032786885247
533.0	2.9918032786885247
534.0	2.9918367346938775
535.0	2.991869918699187
536.0	2.991869918699187
537.0	2.9919028340080973
538.0	2.9919028340080973
539.0	2.9919028340080973
540.0	2.9919028340080973
541.0	2.9919354838709675
542.0	2.9919678714859437
543.0	2.9919678714859437
544.0	2.992
545.0	2.992
546.0	2.992
547.0	2.99203187250996
548.0	2.99203187250996
549.0	2.99203187250996
550.0	2.99203187250996
551.0	2.992063492063492
552.0	2.992094861660079
553.0	2.992094861660079
554.0	2.992094861660079
555.0	2.992094861660079
556.0	2.992094861660079
557.0	2.9921259842519685
558.0	2.992156862745098
559.0	2.992156862745098
560.0	2.9921875
561.0	2.9921875
562.0	2.9921875
563.0	2.992217898832685
564.0	2.992248062015504
565.0	2.992248062015504
566.0	2.9922779922779923
567.0	2.9922779922779923
568.0	2.9923076923076923
569.0	2.992337164750958
570.0	2.9923664122137406
571.0	2.9923664122137406
572.0	2.9923954372623576
573.0	2.992424242424242
574.0	2.992424242424242
575.0	2.992424242424242
576.0	2.992424242424242
577.0	2.9924528301886792
578.0	2.9924528301886792
579.0	2.9924528301886792
580.0	2.992481203007519
581.0	2.99250936329588
582.0	2.99250936329588
583.0	2.9925373134328357
584.0	2.9925373134328357
585.0	2.9925373134328357
586.0	2.9925373134328357
587.0	2.9925373134328357
588.0	2.992565055762082
589.0	2.9925925925925925
590.0	2.992619926199262
591.0	2.992619926199262
592.0	2.9926470588235294
593.0	2.9926739926739927
594.0	2.9927007299270074
595.0	2.9927272727272727
596.0	2.9927536231884058
597.0	2.9927797833935017
598.0	2.9927797833935017
599.0	2.9927797833935017
600.0	2.9927797833935017
601.0	2.9928057553956835
602.0	2.992831541218638
603.0	2.992857142857143
604.0	2.99288256227758
605.0	2.99288256227758
606.0	2.99290780141844
607.0	2.9929328621908127
608.0	2.9929328621908127
609.0	2.992957746478873
610.0	2.992957746478873
611.0	2.992982456140351
612.0	2.993006993006993
613.0	2.993006993006993
614.0	2.9930313588850175
615.0	2.9930313588850175
616.0	2.9930313588850175
617.0	2.9930313588850175
618.0	2.9930555555555554
619.0	2.9930555555555554
620.0	2.9930555555555554
621.0	2.9930795847750864
622.0	2.9931034482758623
623.0	2.9931034482758623
624.0	2.9931034482758623
625.0	2.9931034482758623
626.0	2.9931034482758623
627.0	2.9931034482758623
628.0	2.9931034482758623
629.0	2.9931034482758623
630.0	2.993127147766323
631.0	2.993127147766323
632.0	2.993127147766323
633.0	2.993150684931507
634.0	2.993150684931507
635.0	2.993174061433447
636.0	2.993197278911565
637.0	2.993220338983051
638.0	2.993220338983051
639.0	2.993220338983051
640.0	2.9932432432432434
641.0	2.993265993265993
642.0	2.9932885906040267
643.0	2.9932885906040267
644.0	2.9933110367892977
645.0	2.9933110367892977
646.0	2.993333333333333
647.0	2.993333333333333
648.0	2.993355481727575
649.0	2.993377483443709
650.0	2.9933993399339935
651.0	2.9934210526315788
652.0	2.9934210526315788
653.0	2.9934210526315788
654.0	2.9934426229508198
655.0	2.9934640522875817
656.0	2.993485342019544
657.0	2.9935064935064934
658.0	2.9935275080906147
659.0	2.9935275080906147
660.0	2.9935483870967743
661.0	2.9935483870967743
662.0	2.9935483870967743
663.0	2.9935691318327975
664.0	2.9935691318327975
665.0	2.9935897435897436
666.0	2.9936102236421727
667.0	2.9936102236421727
668.0	2.9936102236421727
669.0	2.9936305732484074
670.0	2.9936305732484074
671.0	2.9936507936507937
672.0	2.9936708860759493
673.0	2.9936708860759493
674.0	2.9936708860759493
675.0	2.993690851735016
676.0	2.993710691823899
677.0	2.993730407523511
678.0	2.99375
679.0	2.99375
680.0	2.9937694704049846
681.0	2.9937694704049846
682.0	2.9937694704049846
683.0	2.9937694704049846
684.0	2.9937888198757765
685.0	2.9938080495356036
686.0	2.9938080495356036
687.0	2.9938080495356036
688.0	2.993827160493827
689.0	2.993846153846154
690.0	2.9938650306748467
691.0	2.99388379204893
692.0	2.9939024390243905
693.0	2.9939024390243905
694.0	2.9939209726443767
695.0	2.9939209726443767
696.0	2.993939393939394
697.0	2.993939393939394
698.0	2.9939577039274923
699.0	2.9939577039274923
700.0	2.9939759036144578
701.0	2.9939759036144578
702.0	2.993993993993994
703.0	2.993993993993994
704.0	2.9940119760479043
705.0	2.9940119760479043
706.0	2.994029850746269
707.0	2.994029850746269
708.0	2.994047619047619
709.0	2.994047619047619
710.0	2.994047619047619
711.0	2.994047619047619
712.0	2.99406528189911
713.0	2.99406528189911
714.0	2.99406528189911
715.0	2.99406528189911
716.0	2.99406528189911
717.0	2.99406528189911
718.0	2.99406528189911
719.0	2.9940828402366866
720.0	2.994100294985251
721.0	2.994100294985251
722.0	2.9941176470588236
723.0	2.994134897360704
724.0	2.994134897360704
725.0	2.994134897360704
726.0	2.9941520467836256
727.0	2.9941690962099123
728.0	2.994186046511628
729.0	2.994186046511628
730.0	2.9942028985507245
731.0	2.9942028985507245
732.0	2.994219653179191
733.0	2.994236311239193
734.0	2.9942528735632186
735.0	2.9942528735632186
736.0	2.994269340974212
737.0	2.994285714285714
738.0	2.994285714285714
739.0	2.994285714285714
740.0	2.994285714285714
741.0	2.994285714285714
742.0	2.994301994301994
743.0	2.994301994301994
744.0	2.994301994301994
745.0	2.9943181818181817
746.0	2.9943181818181817
747.0	2.9943181818181817
748.0	2.9943181818181817
749.0	2.9943181818181817
750.0	2.9943342776203967
751.0	2.994350282485876
752.0	2.9943661971830986
753.0	2.99438202247191
754.0	2.99438202247191
755.0	2.9943977591036415
756.0	2.9943977591036415
757.0	2.9943977591036415
758.0	2.9943977591036415
759.0	2.994413407821229
760.0	2.994413407821229
761.0	2.9944289693593316
762.0	2.9944289693593316
763.0	2.9944289693593316
764.0	2.9944289693593316
765.0	2.9944444444444445
766.0	2.9944444444444445
767.0	2.9944444444444445
768.0	2.9944444444444445
769.0	2.9944444444444445
770.0	2.9944444444444445
771.0	2.994459833795014
772.0	2.994459833795014
773.0	2.994459833795014
774.0	2.994475138121547
775.0	2.994490358126722
776.0	2.994490358126722
777.0	2.9945054945054945
778.0	2.9945054945054945
779.0	2.9945054945054945
780.0	2.9945205479452053
781.0	2.9945205479452053
782.0	2.9945205479452053
783.0	2.9945205479452053
784.0	2.9945205479452053
785.0	2.9945205479452053
786.0	2.9945205479452053
787.0	2.9945355191256833
788.0	2.994550408719346
789.0	2.994565217391304
790.0	2.994579945799458
791.0	2.9945945945945946
792.0	2.9945945945945946
793.0	2.9946091644204853
794.0	2.9946091644204853
795.0	2.9946091644204853
796.0	2.9946236559139785
797.0	2.994638069705094
798.0	2.9946524064171123
799.0	2.994666666666667
800.0	2.994666666666667
801.0	2.994666666666667
802.0	2.994666666666667
803.0	2.994666666666667
804.0	2.994666666666667
805.0	2.99468085106383
806.0	2.99468085106383
807.0	2.99468085106383
808.0	2.9946949602122017
809.0	2.994708994708995
810.0	2.994708994708995
811.0	2.994708994708995
812.0	2.994708994708995
813.0	2.994708994708995
814.0	2.994722955145119
815.0	2.994722955145119
816.0	2.9947368421052634
817.0	2.9947368421052634
818.0	2.994750656167979
819.0	2.994750656167979
820.0	2.994750656167979
821.0	2.994764397905759
822.0	2.9947780678851177
823.0	2.9947916666666665
824.0	2.9947916666666665
825.0	2.994805194805195
826.0	2.994818652849741
827.0	2.994832041343669
828.0	2.994832041343669
829.0	2.994832041343669
830.0	2.994832041343669
831.0	2.994832041343669
832.0	2.9948453608247423
833.0	2.994858611825193
834.0	2.994858611825193
835.0	2.994871794871795
836.0	2.9948849104859336
837.0	2.9948979591836733
838.0	2.994910941475827
839.0	2.994910941475827
840.0	2.994910941475827
841.0	2.99492385786802
842.0	2.99492385786802
843.0	2.99492385786802
844.0	2.99492385786802
845.0	2.9949367088607595
846.0	2.9949367088607595
847.0	2.9949367088607595
848.0	2.9949367088607595
849.0	2.9949367088607595
850.0	2.9949367088607595
851.0	2.994949494949495
852.0	2.994962216624685
853.0	2.994962216624685
854.0	2.9949748743718594
855.0	2.9949748743718594
856.0	2.9949874686716793
857.0	2.995
858.0	2.9950124688279303
859.0	2.9950248756218905
860.0	2.9950248756218905
861.0	2.9950248756218905
862.0	2.9950372208436726
863.0	2.995049504950495
864.0	2.995049504950495
865.0	2.995049504950495
866.0	2.995061728395062
867.0	2.9950738916256157
868.0	2.9950738916256157
869.0	2.9950738916256157
870.0	2.9950738916256157
871.0	2.995085995085995
872.0	2.995085995085995
873.0	2.995085995085995
874.0	2.9950980392156863
875.0	2.9950980392156863
876.0	2.9951100244498776
877.0	2.995121951219512
878.0	2.995121951219512
879.0	2.995133819951338
880.0	2.995145631067961
881.0	2.9951573849878934
882.0	2.995169082125604
883.0	2.995180722891566
884.0	2.9951923076923075
885.0	2.9952038369304557
886.0	2.9952038369304557
887.0	2.9952038369304557
888.0	2.9952038369304557
889.0	2.9952153110047846
890.0	2.9952267303102627
891.0	2.9952267303102627
892.0	2.9952267303102627
893.0	2.9952267303102627
894.0	2.9952380952380953
895.0	2.995249406175772
896.0	2.995260663507109
897.0	2.9952718676122934
898.0	2.9952718676122934
899.0	2.9952830188679247
900.0	2.9952830188679247
901.0	2.9952941176470587
902.0	2.9952941176470587
903.0	2.995305164319249
904.0	2.9953161592505855
905.0	2.9953161592505855
906.0	2.9953161592505855
907.0	2.9953161592505855
908.0	2.9953271028037385
909.0	2.9953379953379953
910.0	2.9953488372093022
911.0	2.9953488372093022
912.0	2.9953596287703017
913.0	2.9953703703703702
914.0	2.9953703703703702
915.0	2.995381062355658
916.0	2.995381062355658
917.0	2.995381062355658
918.0	2.9953917050691246
919.0	2.995402298850575
920.0	2.995402298850575
921.0	2.995402298850575
922.0	2.995402298850575
923.0	2.995402298850575
924.0	2.995402298850575
925.0	2.9954128440366974
926.0	2.995423340961098
927.0	2.995423340961098
928.0	2.995423340961098
929.0	2.9954337899543377
930.0	2.9954441913439633
931.0	2.9954441913439633
932.0	2.9954545454545456
933.0	2.9954545454545456
934.0	2.9954545454545456
935.0	2.99546485260771
936.0	2.995475113122172
937.0	2.99548532731377
938.0	2.9954954954954953
939.0	2.995505617977528
940.0	2.995515695067265
941.0	2.995515695067265
942.0	2.995525727069351
943.0	2.9955357142857144
944.0	2.9955456570155903
945.0	2.9955555555555557
946.0	2.9955555555555557
947.0	2.9955555555555557
948.0	2.9955654101995566
949.0	2.995575221238938
950.0	2.9955849889624724
951.0	2.9955849889624724
952.0	2.9955849889624724
953.0	2.9955849889624724
954.0	2.995594713656388
955.0	2.9956043956043956
956.0	2.995614035087719
957.0	2.9956236323851204
958.0	2.995633187772926
959.0	2.9956427015250546
960.0	2.9956427015250546
961.0	2.9956427015250546
962.0	2.9956521739130433
963.0	2.995661605206074
964.0	2.9956709956709955
965.0	2.9956803455723544
966.0	2.9956896551724137
967.0	2.9956896551724137
968.0	2.9956989247311827
969.0	2.9956989247311827
970.0	2.995708154506438
971.0	2.9957173447537473
972.0	2.9957264957264957
973.0	2.9957356076759063
974.0	2.9957356076759063
975.0	2.9957446808510637
976.0	2.9957446808510637
977.0	2.9957446808510637
978.0	2.9957537154989384
979.0	2.9957537154989384
980.0	2.9957627118644066
981.0	2.9957627118644066
982.0	2.995771670190275
983.0	2.995771670190275
984.0	2.9957805907172994
985.0	2.9957894736842103
986.0	2.995798319327731
987.0	2.995798319327731
988.0	2.9958071278825997
989.0	2.9958071278825997
990.0	2.99581589958159
991.0	2.99581589958159
992.0	2.99581589958159
993.0	2.9958246346555324
994.0	2.9958246346555324
995.0	2.9958246346555324
996.0	2.995833333333333
997.0	2.995841995841996
998.0	2.995850622406639
999.0	2.9958592132505175
1000.0	2.9958677685950414
1001.0	2.995876288659794
1002.0	2.9958847736625516
1003.0	2.995893223819302
1004.0	2.995893223819302
1005.0	2.995893223819302
1006.0	2.995893223819302
1007.0	2.9959016393442623
1008.0	2.9959100204498976
1009.0	2.9959100204498976
1010.0	2.9959183673469387
1011.0	2.9959266802443993
1012.0	2.9959266802443993
1013.0	2.9959266802443993
1014.0	2.9959266802443993
1015.0	2.9959266802443993
1016.0	2.9959266802443993
1017.0	2.9959266802443993
1018.0	2.9959349593495936
1019.0	2.995943204868154
1020.0	2.9959514170040484
1021.0	2.9959514170040484
1022.0	2.995959595959596
1023.0	2.995967741935484
1024.0	2.995967741935484
1025.0	2.995975855130785
1026.0	2.995983935742972
1027.0	2.995983935742972
1028.0	2.995983935742972
1029.0	2.995983935742972
1030.0	2.995983935742972
1031.0	2.995991983967936
1032.0	2.995991983967936
1033.0	2.996
1034.0	2.996
1035.0	2.996007984031936
1036.0	2.99601593625498
1037.0	2.99601593625498
1038.0	2.996023856858847
1039.0	2.996023856858847
1040.0	2.996023856858847
1041.0	2.996031746031746
1042.0	2.996039603960396
1043.0	2.996039603960396
1044.0	2.9960474308300395
1045.0	2.9960552268244576
1046.0	2.9960629921259843
1047.0	2.9960629921259843
1048.0	2.9960707269155207
1049.0	2.9960707269155207
1050.0	2.996078431372549
1051.0	2.996086105675147
1052.0	2.99609375
1053.0	2.996101364522417
1054.0	2.996101364522417
1055.0	2.9961089494163424
1056.0	2.9961089494163424
1057.0	2.9961089494163424
1058.0	2.9961165048543688
1059.0	2.996124031007752
1060.0	2.996124031007752
1061.0	2.996131528046422
1062.0	2.996138996138996
1063.0	2.996138996138996
1064.0	2.996138996138996
1065.0	2.996146435452794
1066.0	2.996146435452794
1067.0	2.996153846153846
1068.0	2.9961612284069097
1069.0	2.996168582375479
1070.0	2.996168582375479
1071.0	2.9961759082217974
1072.0	2.9961759082217974
1073.0	2.9961759082217974
1074.0	2.9961759082217974
1075.0	2.9961759082217974
1076.0	2.99618320610687
1077.0	2.9961904761904763
1078.0	2.9961977186311786
1079.0	2.9962049335863377
1080.0	2.996212121212121
1081.0	2.996219281663516
1082.0	2.996219281663516
1083.0	2.9962264150943394
1084.0	2.9962335216572504
1085.0	2.9962406015037595
1086.0	2.99624765478424
1087.0	2.99624765478424
1088.0	2.9962546816479403
1089.0	2.9962616822429906
1090.0	2.996268656716418
1091.0	2.996275605214153
1092.0	2.996275605214153
1093.0	2.996275605214153
1094.0	2.996275605214153
1095.0	2.996275605214153
1096.0	2.996275605214153
1097.0	2.996275605214153
1098.0	2.996282527881041
1099.0	2.9962894248608536
1100.0	2.9962962962962965
1101.0	2.9963031423290203
1102.0	2.9963031423290203
1103.0	2.9963031423290203
1104.0	2.9963031423290203
1105.0	2.9963031423290203
1106.0	2.9963031423290203
1107.0	2.9963031423290203
1108.0	2.996309963099631
1109.0	2.996309963099631
1110.0	2.996309963099631
1111.0	2.996309963099631
1112.0	2.9963167587476978
1113.0	2.9963167587476978
1114.0	2.9963167587476978
1115.0	2.9963235294117645
1116.0	2.996330275229358
1117.0	2.9963369963369964
1118.0	2.996343692870201
1119.0	2.996343692870201
1120.0	2.9963503649635035
1121.0	2.9963570127504555
1122.0	2.9963570127504555
1123.0	2.9963570127504555
1124.0	2.9963636363636366
1125.0	2.9963636363636366
1126.0	2.9963702359346644
1127.0	2.9963702359346644
1128.0	2.9963702359346644
1129.0	2.996376811594203
1130.0	2.996376811594203
1131.0	2.996376811594203
1132.0	2.996376811594203
1133.0	2.996376811594203
1134.0	2.996376811594203
1135.0	2.996383363471971
1136.0	2.996389891696751
1137.0	2.996389891696751
1138.0	2.996389891696751
1139.0	2.996389891696751
1140.0	2.9963963963963964
1141.0	2.9963963963963964
1142.0	2.9964028776978417
1143.0	2.9964093357271095
1144.0	2.9964093357271095
1145.0	2.9964093357271095
1146.0	2.996415770609319
1147.0	2.996415770609319
1148.0	2.996415770609319
1149.0	2.996415770609319
1150.0	2.9964221824686943
1151.0	2.9964285714285714
1152.0	2.9964285714285714
1153.0	2.9964285714285714
1154.0	2.9964349376114083
1155.0	2.99644128113879
1156.0	2.99644128113879
1157.0	2.99644128113879
1158.0	2.996447602131439
1159.0	2.99645390070922
1160.0	2.9964601769911505
1161.0	2.9964601769911505
1162.0	2.9964601769911505
1163.0	2.9964664310954063
1164.0	2.99647266313933
1165.0	2.99647266313933
1166.0	2.9964788732394365
1167.0	2.9964788732394365
1168.0	2.9964788732394365
1169.0	2.9964788732394365
1170.0	2.9964850615114234
1171.0	2.9964912280701754
1172.0	2.9964912280701754
1173.0	2.996497373029772
1174.0	2.996497373029772
1175.0	2.996497373029772
1176.0	2.996497373029772
1177.0	2.9965034965034967
1178.0	2.9965034965034967
1179.0	2.9965095986038395
1180.0	2.9965095986038395
1181.0	2.9965156794425085
1182.0	2.9965156794425085
1183.0	2.9965217391304346
1184.0	2.9965277777777777
1185.0	2.9965277777777777
1186.0	2.9965277777777777
1187.0	2.996533795493934
1188.0	2.9965397923875434
1189.0	2.996545768566494
1190.0	2.996551724137931
1191.0	2.9965576592082614
1192.0	2.9965576592082614
1193.0	2.9965576592082614
1194.0	2.9965635738831615
1195.0	2.9965635738831615
1196.0	2.9965635738831615
1197.0	2.9965694682675816
1198.0	2.9965753424657535
1199.0	2.9965811965811966
1200.0	2.9965870307167237
1201.0	2.9965870307167237
1202.0	2.9965870307167237
1203.0	2.9965928449744466
1204.0	2.9965928449744466
1205.0	2.9965928449744466
1206.0	2.9965928449744466
1207.0	2.9965928449744466
1208.0	2.996598639455782
1209.0	2.996598639455782
1210.0	2.996598639455782
1211.0	2.996598639455782
1212.0	2.996598639455782
1213.0	2.9966044142614603
1214.0	2.9966044142614603
1215.0	2.9966044142614603
1216.0	2.9966101694915253
1217.0	2.996615905245347
1218.0	2.996615905245347
1219.0	2.996615905245347
1220.0	2.996615905245347
1221.0	2.9966216216216215
1222.0	2.9966216216216215
1223.0	2.9966216216216215
1224.0	2.9966216216216215
1225.0	2.9966216216216215
1226.0	2.9966216216216215
1227.0	2.996627318718381
1228.0	2.996627318718381
1229.0	2.9966329966329965
1230.0	2.996638655462185
1231.0	2.996638655462185
1232.0	2.9966442953020134
1233.0	2.996649916247906
1234.0	2.996649916247906
1235.0	2.9966555183946486
1236.0	2.996661101836394
1237.0	2.9966666666666666
1238.0	2.9966666666666666
1239.0	2.9966666666666666
1240.0	2.9966722129783694
1241.0	2.9966722129783694
1242.0	2.9966777408637872
1243.0	2.9966777408637872
1244.0	2.9966777408637872
1245.0	2.9966832504145935
1246.0	2.9966832504145935
1247.0	2.9966887417218544
1248.0	2.9966887417218544
1249.0	2.996694214876033
1250.0	2.996694214876033
1251.0	2.996694214876033
1252.0	2.9966996699669965
1253.0	2.99670510708402
1254.0	2.99670510708402
1255.0	2.9967105263157894
1256.0	2.9967105263157894
1257.0	2.9967159277504103
1258.0	2.99672131147541
1259.0	2.99672131147541
1260.0	2.9967266775777412
1261.0	2.9967266775777412
1262.0	2.996732026143791
1263.0	2.9967373572593803
1264.0	2.996742671009772
1265.0	2.9967479674796746
1266.0	2.9967479674796746
1267.0	2.9967479674796746
1268.0	2.9967479674796746
1269.0	2.9967532467532467
1270.0	2.9967585089141004
1271.0	2.9967637540453076
1272.0	2.9967637540453076
1273.0	2.996768982229402
1274.0	2.996768982229402
1275.0	2.996774193548387
1276.0	2.996779388083736
1277.0	2.9967845659163985
1278.0	2.9967845659163985
1279.0	2.9967897271268056
1280.0	2.996794871794872
1281.0	2.996794871794872
1282.0	2.9968
1283.0	2.9968051118210863
1284.0	2.9968051118210863
1285.0	2.9968051118210863
1286.0	2.996810207336523
1287.0	2.9968152866242037
1288.0	2.9968203497615264
1289.0	2.996825396825397
1290.0	2.9968304278922346
1291.0	2.9968304278922346
1292.0	2.9968354430379747
1293.0	2.9968404423380726
1294.0	2.996845425867508
1295.0	2.996845425867508
1296.0	2.9968503937007873
1297.0	2.9968503937007873
1298.0	2.99685534591195
1299.0	2.99685534591195
1300.0	2.99685534591195
1301.0	2.9968602825745685
1302.0	2.9968602825745685
1303.0	2.9968652037617556
1304.0	2.9968652037617556
1305.0	2.9968652037617556
1306.0	2.996870109546166
1307.0	2.996870109546166
1308.0	2.996875
1309.0	2.996875
1310.0	2.996875
1311.0	2.996875
1312.0	2.996879875195008
1313.0	2.996879875195008
1314.0	2.9968847352024923
1315.0	2.9968895800933124
1316.0	2.9968944099378882
1317.0	2.9968992248062016
1318.0	2.9968992248062016
1319.0	2.996904024767802
1320.0	2.996904024767802
1321.0	2.996908809891808
1322.0	2.996908809891808
1323.0	2.996913580246914
1324.0	2.996913580246914
1325.0	2.9969183359013867
1326.0	2.996923076923077
1327.0	2.996927803379416
1328.0	2.996927803379416
1329.0	2.996927803379416
1330.0	2.996932515337423
1331.0	2.996932515337423
1332.0	2.996932515337423
1333.0	2.996932515337423
1334.0	2.996937212863706
1335.0	2.996941896024465
1336.0	2.996941896024465
1337.0	2.996946564885496
1338.0	2.9969512195121952
1339.0	2.9969512195121952
1340.0	2.9969512195121952
1341.0	2.9969558599695585
1342.0	2.9969604863221884
1343.0	2.9969604863221884
1344.0	2.9969604863221884
1345.0	2.9969604863221884
1346.0	2.9969604863221884
1347.0	2.9969650986342944
1348.0	2.996969696969697
1349.0	2.996969696969697
1350.0	2.996969696969697
1351.0	2.9969742813918305
1352.0	2.9969742813918305
1353.0	2.9969742813918305
1354.0	2.9969742813918305
1355.0	2.996978851963746
1356.0	2.996978851963746
1357.0	2.996978851963746
1358.0	2.996978851963746
1359.0	2.996978851963746
1360.0	2.9969834087481146
1361.0	2.996987951807229
1362.0	2.9969924812030073
1363.0	2.996996996996997
1364.0	2.996996996996997
1365.0	2.996996996996997
1366.0	2.996996996996997
1367.0	2.997001499250375
1368.0	2.997005988023952
1369.0	2.997005988023952
1370.0	2.997005988023952
1371.0	2.9970104633781762
1372.0	2.997014925373134
1373.0	2.9970193740685542
1374.0	2.9970238095238093
1375.0	2.9970282317979198
1376.0	2.9970326409495547
1377.0	2.9970326409495547
1378.0	2.9970326409495547
1379.0	2.9970326409495547
1380.0	2.9970326409495547
1381.0	2.997037037037037
1382.0	2.997041420118343
1383.0	2.9970457902511076
1384.0	2.9970501474926254
1385.0	2.9970544918998527
1386.0	2.9970588235294118
1387.0	2.9970631424375918
1388.0	2.997067448680352
1389.0	2.997067448680352
1390.0	2.9970717423133237
1391.0	2.997076023391813
1392.0	2.997076023391813
1393.0	2.997076023391813
1394.0	2.997076023391813
1395.0	2.997080291970803
1396.0	2.997080291970803
1397.0	2.997084548104956
1398.0	2.997088791848617
1399.0	2.997093023255814
1400.0	2.997093023255814
1401.0	2.9970972423802613
1402.0	2.9970972423802613
1403.0	2.9971014492753625
1404.0	2.997105643994211
1405.0	2.9971098265895955
1406.0	2.9971098265895955
1407.0	2.9971139971139973
1408.0	2.9971139971139973
1409.0	2.9971139971139973
1410.0	2.9971181556195967
1411.0	2.9971181556195967
1412.0	2.9971223021582736
1413.0	2.9971223021582736
1414.0	2.9971264367816093
1415.0	2.9971264367816093
1416.0	2.9971305595408895
1417.0	2.9971305595408895
1418.0	2.997134670487106
1419.0	2.997134670487106
1420.0	2.9971387696709586
1421.0	2.9971387696709586
1422.0	2.9971387696709586
1423.0	2.9971428571428573
1424.0	2.9971469329529246
1425.0	2.9971469329529246
1426.0	2.9971509971509973
1427.0	2.997155049786629
1428.0	2.997159090909091
1429.0	2.997159090909091
1430.0	2.997159090909091
1431.0	2.997163120567376
1432.0	2.997167138810198
1433.0	2.997167138810198
1434.0	2.9971711456859973
1435.0	2.9971711456859973
1436.0	2.9971711456859973
1437.0	2.9971751412429377
1438.0	2.997179125528914
1439.0	2.997179125528914
1440.0	2.997179125528914
1441.0	2.9971830985915493
1442.0	2.9971870604781996
1443.0	2.997191011235955
1444.0	2.997194950911641
1445.0	2.9971988795518207
1446.0	2.9971988795518207
1447.0	2.9971988795518207
1448.0	2.9971988795518207
1449.0	2.9972027972027973
1450.0	2.9972067039106145
1451.0	2.9972067039106145
1452.0	2.99721059972106
1453.0	2.997214484679666
1454.0	2.9972183588317107
1455.0	2.9972222222222222
1456.0	2.997226074895978
1457.0	2.9972299168975067
1458.0	2.9972299168975067
1459.0	2.9972337482710927
1460.0	2.9972375690607733
1461.0	2.9972375690607733
1462.0	2.9972375690607733
1463.0	2.9972413793103447
1464.0	2.9972413793103447
1465.0	2.9972413793103447
1466.0	2.997245179063361
1467.0	2.9972489683631363
1468.0	2.9972489683631363
1469.0	2.9972527472527473
1470.0	2.9972527472527473
1471.0	2.9972527472527473
1472.0	2.9972565157750344
1473.0	2.9972565157750344
1474.0	2.9972565157750344
1475.0	2.9972565157750344
1476.0	2.9972565157750344
1477.0	2.9972602739726026
1478.0	2.997264021887825
1479.0	2.9972677595628414
1480.0	2.9972677595628414
1481.0	2.9972714870395634
1482.0	2.9972714870395634
1483.0	2.997275204359673
1484.0	2.997275204359673
1485.0	2.9972789115646257
1486.0	2.9972826086956523
1487.0	2.9972826086956523
1488.0	2.9972862957937583
1489.0	2.997289972899729
1490.0	2.997293640054127
1491.0	2.997293640054127
1492.0	2.997293640054127
1493.0	2.997293640054127
1494.0	2.997293640054127
1495.0	2.997293640054127
1496.0	2.997293640054127
1497.0	2.997297297297297
1498.0	2.997300944669366
1499.0	2.997300944669366
1500.0	2.9973045822102424
1501.0	2.9973082099596233
1502.0	2.997311827956989
1503.0	2.997311827956989
1504.0	2.997311827956989
1505.0	2.997315436241611
1506.0	2.997315436241611
1507.0	2.997319034852547
1508.0	2.997319034852547
1509.0	2.997319034852547
1510.0	2.997319034852547
1511.0	2.997322623828648
1512.0	2.9973262032085564
1513.0	2.9973262032085564
1514.0	2.9973297730307076
1515.0	2.997333333333333
1516.0	2.997333333333333
1517.0	2.997333333333333
1518.0	2.9973368841544605
1519.0	2.997340425531915
1520.0	2.99734395750332
1521.0	2.9973474801061006
1522.0	2.9973509933774833
1523.0	2.997354497354497
1524.0	2.997354497354497
1525.0	2.9973579920739764
1526.0	2.9973614775725594
1527.0	2.997364953886693
1528.0	2.997364953886693
1529.0	2.9973684210526317
1530.0	2.9973684210526317
1531.0	2.9973684210526317
1532.0	2.9973684210526317
1533.0	2.9973684210526317
1534.0	2.9973684210526317
1535.0	2.9973684210526317
1536.0	2.997371879106439
1537.0	2.9973753280839897
1538.0	2.99737876802097
1539.0	2.99737876802097
1540.0	2.9973821989528795
1541.0	2.9973856209150327
1542.0	2.9973890339425586
1543.0	2.9973890339425586
1544.0	2.997392438070404
1545.0	2.9973958333333335
1546.0	2.9973958333333335
1547.0	2.9973992197659296
1548.0	2.9974025974025973
1549.0	2.9974059662775616
1550.0	2.9974059662775616
1551.0	2.9974059662775616
1552.0	2.9974093264248705
1553.0	2.9974093264248705
1554.0	2.997412677878396
1555.0	2.997412677878396
1556.0	2.997412677878396
1557.0	2.997412677878396
1558.0	2.997412677878396
1559.0	2.9974160206718348
1560.0	2.99741935483871
1561.0	2.997422680412371
1562.0	2.9974259974259976
1563.0	2.9974293059125965
1564.0	2.9974326059050065
1565.0	2.9974358974358974
1566.0	2.9974391805377723
1567.0	2.997442455242967
1568.0	2.997442455242967
1569.0	2.997442455242967
1570.0	2.997442455242967
1571.0	2.997442455242967
1572.0	2.997442455242967
1573.0	2.9974457215836527
1574.0	2.9974457215836527
1575.0	2.997448979591837
1576.0	2.997452229299363
1577.0	2.997452229299363
1578.0	2.9974554707379135
1579.0	2.997458703939009
1580.0	2.99746192893401
1581.0	2.99746192893401
1582.0	2.99746192893401
1583.0	2.997465145754119
1584.0	2.997465145754119
1585.0	2.997465145754119
1586.0	2.997465145754119
1587.0	2.997465145754119
1588.0	2.997465145754119
1589.0	2.997465145754119
1590.0	2.9974683544303797
1591.0	2.997471554993679
1592.0	2.997471554993679
1593.0	2.9974747474747474
1594.0	2.9974779319041613
1595.0	2.9974779319041613
1596.0	2.9974811083123427
1597.0	2.9974811083123427
1598.0	2.9974842767295597
1599.0	2.9974842767295597
1600.0	2.9974874371859297
1601.0	2.9974874371859297
1602.0	2.9974874371859297
1603.0	2.9974874371859297
1604.0	2.997490589711418
1605.0	2.997490589711418
1606.0	2.9974937343358397
1607.0	2.9974937343358397
1608.0	2.9974937343358397
1609.0	2.997496871088861
1610.0	2.997496871088861
1611.0	2.9975
1612.0	2.9975031210986267
1613.0	2.997506234413965
1614.0	2.997506234413965
1615.0	2.997506234413965
1616.0	2.997506234413965
1617.0	2.9975093399750934
1618.0	2.9975093399750934
1619.0	2.9975124378109452
1620.0	2.9975155279503105
1621.0	2.9975155279503105
1622.0	2.9975155279503105
1623.0	2.997518610421836
1624.0	2.997518610421836
1625.0	2.997521685254027
1626.0	2.997521685254027
1627.0	2.9975247524752477
1628.0	2.9975278121137205
1629.0	2.9975278121137205
1630.0	2.9975308641975307
1631.0	2.9975339087546238
1632.0	2.997536945812808
1633.0	2.997536945812808
1634.0	2.997536945812808
1635.0	2.997539975399754
1636.0	2.9975429975429977
1637.0	2.9975460122699387
1638.0	2.9975460122699387
1639.0	2.9975460122699387
1640.0	2.997549019607843
1641.0	2.997552019583843
1642.0	2.997555012224939
1643.0	2.9975579975579976
1644.0	2.997560975609756
1645.0	2.997560975609756
1646.0	2.997563946406821
1647.0	2.997563946406821
1648.0	2.997566909975669
1649.0	2.997566909975669
1650.0	2.997566909975669
1651.0	2.9975698663426487
1652.0	2.9975728155339807
1653.0	2.9975728155339807
1654.0	2.9975728155339807
1655.0	2.9975728155339807
1656.0	2.9975757575757576
1657.0	2.9975757575757576
1658.0	2.997578692493947
1659.0	2.9975816203143895
1660.0	2.9975816203143895
1661.0	2.997584541062802
1662.0	2.9975874547647767
1663.0	2.9975874547647767
1664.0	2.9975874547647767
1665.0	2.9975903614457833
1666.0	2.997593261131167
1667.0	2.9975961538461537
1668.0	2.9975961538461537
1669.0	2.9975990396158463
1670.0	2.9975990396158463
1671.0	2.997601918465228
1672.0	2.9976047904191616
1673.0	2.9976047904191616
1674.0	2.9976047904191616
1675.0	2.9976076555023923
1676.0	2.9976076555023923
1677.0	2.997610513739546
1678.0	2.9976133651551313
1679.0	2.9976162097735397
1680.0	2.9976190476190476
1681.0	2.9976218787158144
1682.0	2.997624703087886
1683.0	2.997624703087886
1684.0	2.997624703087886
1685.0	2.997627520759193
1686.0	2.997627520759193
1687.0	2.997627520759193
1688.0	2.997627520759193
1689.0	2.997627520759193
1690.0	2.997627520759193
1691.0	2.9976303317535544
1692.0	2.9976331360946746
1693.0	2.9976359338061465
1694.0	2.997638724911452
1695.0	2.9976415094339623
1696.0	2.9976415094339623
1697.0	2.9976415094339623
1698.0	2.9976442873969376
1699.0	2.9976470588235293
1700.0	2.9976470588235293
1701.0	2.99764982373678
1702.0	2.9976525821596245
1703.0	2.9976553341148886
1704.0	2.997658079625293
1705.0	2.99766081871345
1706.0	2.9976635514018692
1707.0	2.9976635514018692
1708.0	2.9976635514018692
1709.0	2.9976635514018692
1710.0	2.9976662777129524
1711.0	2.9976662777129524
1712.0	2.9976689976689976
1713.0	2.9976689976689976
1714.0	2.9976689976689976
1715.0	2.9976689976689976
1716.0	2.9976689976689976
1717.0	2.9976717112922002
1718.0	2.9976717112922002
1719.0	2.9976744186046513
1720.0	2.9976744186046513
1721.0	2.9976744186046513
1722.0	2.9976744186046513
1723.0	2.997677119628339
1724.0	2.9976798143851506
1725.0	2.9976798143851506
1726.0	2.9976798143851506
1727.0	2.9976825028968714
1728.0	2.9976825028968714
1729.0	2.9976825028968714
1730.0	2.9976825028968714
1731.0	2.997685185185185
1732.0	2.997687861271676
1733.0	2.997687861271676
1734.0	2.9976905311778292
1735.0	2.997693194925029
1736.0	2.9976958525345623
1737.0	2.9976958525345623
1738.0	2.9976958525345623
1739.0	2.997698504027618
1740.0	2.9977011494252874
1741.0	2.9977037887485647
1742.0	2.9977064220183487
1743.0	2.997709049255441
1744.0	2.997711670480549
1745.0	2.9977142857142858
1746.0	2.997716894977169
1747.0	2.997716894977169
1748.0	2.997716894977169
1749.0	2.997719498289624
1750.0	2.997719498289624
1751.0	2.997719498289624
1752.0	2.997719498289624
1753.0	2.997719498289624
1754.0	2.997719498289624
1755.0	2.997722095671982
1756.0	2.9977246871444825
1757.0	2.9977246871444825
1758.0	2.9977272727272726
1759.0	2.9977272727272726
1760.0	2.9977272727272726
1761.0	2.9977272727272726
1762.0	2.9977272727272726
1763.0	2.9977272727272726
1764.0	2.9977272727272726
1765.0	2.9977272727272726
1766.0	2.9977298524404086
1767.0	2.9977298524404086
1768.0	2.9977298524404086
1769.0	2.997732426303855
1770.0	2.997734994337486
1771.0	2.997737556561086
1772.0	2.997737556561086
1773.0	2.99774011299435
1774.0	2.99774011299435
1775.0	2.99774011299435
1776.0	2.99774011299435
1777.0	2.9977426636568847
1778.0	2.9977452085682073
1779.0	2.9977477477477477
1780.0	2.9977477477477477
1781.0	2.997750281214848
1782.0	2.997750281214848
1783.0	2.997750281214848
1784.0	2.997752808988764
1785.0	2.997752808988764
1786.0	2.997752808988764
1787.0	2.997755331088664
1788.0	2.997755331088664
1789.0	2.997757847533632
1790.0	2.9977603583426653
1791.0	2.9977603583426653
1792.0	2.9977603583426653
1793.0	2.9977603583426653
1794.0	2.9977628635346756
1795.0	2.9977628635346756
1796.0	2.9977628635346756
1797.0	2.9977653631284915
1798.0	2.997767857142857
1799.0	2.9977703455964324
1800.0	2.9977703455964324
1801.0	2.997772828507795
1802.0	2.997772828507795
1803.0	2.9977753058954395
1804.0	2.9977753058954395
1805.0	2.9977753058954395
1806.0	2.997777777777778
1807.0	2.997777777777778
1808.0	2.997780244173141
1809.0	2.997782705099778
1810.0	2.997782705099778
1811.0	2.997782705099778
1812.0	2.997782705099778
1813.0	2.9977851605758583
1814.0	2.9977851605758583
1815.0	2.997787610619469
1816.0	2.9977900552486187
1817.0	2.9977924944812364
1818.0	2.997794928335171
1819.0	2.997794928335171
1820.0	2.997794928335171
1821.0	2.997794928335171
1822.0	2.997794928335171
1823.0	2.997797356828194
1824.0	2.997799779977998
1825.0	2.997802197802198
1826.0	2.997802197802198
1827.0	2.9978046103183313
1828.0	2.9978070175438596
1829.0	2.9978094194961664
1830.0	2.9978094194961664
1831.0	2.9978094194961664
1832.0	2.9978094194961664
1833.0	2.9978094194961664
1834.0	2.9978094194961664
1835.0	2.99781181619256
1836.0	2.9978142076502734
1837.0	2.9978142076502734
1838.0	2.9978142076502734
1839.0	2.9978142076502734
1840.0	2.997816593886463
1841.0	2.997816593886463
1842.0	2.997816593886463
1843.0	2.9978189749182116
1844.0	2.997821350762527
1845.0	2.997821350762527
1846.0	2.997821350762527
1847.0	2.997821350762527
1848.0	2.997821350762527
1849.0	2.997823721436344
1850.0	2.997826086956522
1851.0	2.997828447339848
1852.0	2.997830802603037
1853.0	2.997830802603037
1854.0	2.997830802603037
1855.0	2.997830802603037
1856.0	2.9978331527627304
1857.0	2.997835497835498
1858.0	2.997835497835498
1859.0	2.997837837837838
1860.0	2.997837837837838
1861.0	2.997837837837838
1862.0	2.997837837837838
1863.0	2.997840172786177
1864.0	2.997840172786177
1865.0	2.9978425026968716
1866.0	2.997844827586207
1867.0	2.997844827586207
1868.0	2.997844827586207
1869.0	2.9978471474703983
1870.0	2.9978471474703983
1871.0	2.9978494623655916
1872.0	2.9978494623655916
1873.0	2.9978517722878624
1874.0	2.9978540772532187
1875.0	2.9978540772532187
1876.0	2.997856377277599
1877.0	2.997856377277599
1878.0	2.997856377277599
1879.0	2.9978586723768736
1880.0	2.9978586723768736
1881.0	2.997860962566845
1882.0	2.997863247863248
1883.0	2.997863247863248
1884.0	2.997863247863248
1885.0	2.997863247863248
1886.0	2.9978655282817503
1887.0	2.997867803837953
1888.0	2.997867803837953
1889.0	2.997867803837953
1890.0	2.997867803837953
1891.0	2.9978700745473907
1892.0	2.997872340425532
1893.0	2.997874601487779
1894.0	2.997874601487779
1895.0	2.997876857749469
1896.0	2.997876857749469
1897.0	2.9978791092258747
1898.0	2.9978791092258747
1899.0	2.9978791092258747
1900.0	2.9978813559322033
1901.0	2.9978813559322033
1902.0	2.9978813559322033
1903.0	2.997883597883598
1904.0	2.9978858350951376
1905.0	2.9978880675818376
1906.0	2.9978880675818376
1907.0	2.9978880675818376
1908.0	2.9978880675818376
1909.0	2.99789029535865
1910.0	2.9978925184404637
1911.0	2.997894736842105
1912.0	2.9978969505783386
1913.0	2.9978991596638656
1914.0	2.9978991596638656
1915.0	2.9979013641133263
1916.0	2.9979013641133263
1917.0	2.9979013641133263
1918.0	2.9979035639413
1919.0	2.9979035639413
1920.0	2.9979057591623035
1921.0	2.997907949790795
1922.0	2.997907949790795
1923.0	2.9979101358411704
1924.0	2.9979101358411704
1925.0	2.9979101358411704
1926.0	2.997912317327766
1927.0	2.997912317327766
1928.0	2.997912317327766
1929.0	2.997914494264859
1930.0	2.997916666666667
1931.0	2.9979188345473466
1932.0	2.997920997920998
1933.0	2.997920997920998
1934.0	2.9979231568016615
1935.0	2.9979253112033195
1936.0	2.9979274611398963
1937.0	2.997929606625259
1938.0	2.997929606625259
1939.0	2.997931747673216
1940.0	2.997931747673216
1941.0	2.9979338842975207
1942.0	2.9979338842975207
1943.0	2.997936016511868
1944.0	2.997938144329897
1945.0	2.997938144329897
1946.0	2.997938144329897
1947.0	2.9979402677651907
1948.0	2.9979402677651907
1949.0	2.9979402677651907
1950.0	2.9979423868312756
1951.0	2.9979423868312756
1952.0	2.9979445015416237
1953.0	2.9979445015416237
1954.0	2.9979466119096507
1955.0	2.997948717948718
1956.0	2.997948717948718
1957.0	2.997948717948718
1958.0	2.997948717948718
1959.0	2.997950819672131
1960.0	2.9979529170931425
1961.0	2.997955010224949
1962.0	2.9979570990806947
1963.0	2.9979591836734696
1964.0	2.99796126401631
1965.0	2.99796126401631
1966.0	2.99796126401631
1967.0	2.99796126401631
1968.0	2.99796126401631
1969.0	2.9979633401221997
1970.0	2.9979654120040693
1971.0	2.997967479674797
1972.0	2.997967479674797
1973.0	2.997967479674797
1974.0	2.997969543147208
1975.0	2.997971602434077
1976.0	2.997971602434077
1977.0	2.997971602434077
1978.0	2.9979736575481257
1979.0	2.9979757085020244
1980.0	2.9979757085020244
1981.0	2.9979777553083924
1982.0	2.997979797979798
1983.0	2.997979797979798
1984.0	2.997979797979798
1985.0	2.997981836528759
1986.0	2.997981836528759
1987.0	2.997983870967742
1988.0	2.997985901309164
1989.0	2.9979879275653922
1990.0	2.9979899497487437
1991.0	2.997991967871486
1992.0	2.997991967871486
1993.0	2.9979939819458377
1994.0	2.997995991983968
