0.0	3.0
1.0	3.0
2.0	3.0
3.0	3.0
4.0	3.0
5.0	3.0
6.0	3.0
7.0	3.0
8.0	3.0
9.0	3.0
10.0	3.0
11.0	3.0
12.0	3.0
13.0	3.0
14.0	3.0
15.0	3.0
16.0	3.0
17.0	3.0
18.0	3.0
19.0	3.0
20.0	3.0
21.0	3.0
22.0	3.0
23.0	3.0
24.0	3.0
25.0	3.0
26.0	3.0
27.0	3.0
28.0	3.0
29.0	3.0
30.0	3.0
31.0	3.0
32.0	3.0
33.0	3.0
34.0	3.0
35.0	3.0
36.0	3.0
37.0	3.0
38.0	3.0
39.0	3.0
40.0	3.0
41.0	3.0
42.0	3.0
43.0	3.0
44.0	3.0
45.0	3.0
46.0	3.0
47.0	3.0
48.0	3.0
49.0	3.0
50.0	3.0
51.0	3.0
52.0	3.0
53.0	3.0
54.0	3.0
55.0	3.0
56.0	3.0
57.0	3.0
58.0	3.0
59.0	3.0
60.0	3.0
61.0	3.0
62.0	3.0
63.0	3.0
64.0	3.0
65.0	3.0
66.0	3.0
67.0	3.0
68.0	3.0
69.0	3.0
70.0	3.0
71.0	3.0
72.0	3.0
73.0	3.0
74.0	3.0
75.0	3.0
76.0	3.0
77.0	3.0
78.0	3.0
79.0	3.0
80.0	3.0
81.0	3.0
82.0	3.0
83.0	3.0
84.0	3.0
85.0	3.0
86.0	3.0
87.0	3.0
88.0	3.0
89.0	3.0
90.0	3.0
91.0	3.0
92.0	3.0
93.0	3.0
94.0	3.0
95.0	3.0
96.0	3.0
97.0	3.0
98.0	3.0
99.0	3.0
100.0	3.0
101.0	3.0
102.0	3.0
103.0	3.0
104.0	3.0
105.0	3.0
106.0	3.0
107.0	3.0
108.0	3.0
109.0	3.0
110.0	3.0
111.0	3.0
112.0	3.0
113.0	3.0
114.0	3.0
115.0	3.0
116.0	3.0
117.0	3.0
118.0	3.0
119.0	3.0
120.0	3.0
121.0	3.0
122.0	3.0
123.0	3.0
124.0	3.0
125.0	3.0
126.0	3.0
127.0	3.0
128.0	3.0
129.0	3.0
130.0	2.986842105263158
131.0	2.986842105263158
132.0	2.987012987012987
133.0	2.987012987012987
134.0	2.987012987012987
135.0	2.987012987012987
136.0	2.987012987012987
137.0	2.987012987012987
138.0	2.9871794871794872
139.0	2.9873417721518987
140.0	2.9875
141.0	2.9876543209876543
142.0	2.9876543209876543
143.0	2.9876543209876543
144.0	2.9878048780487805
145.0	2.9879518072289155
146.0	2.9879518072289155
147.0	2.988095238095238
148.0	2.988235294117647
149.0	2.988235294117647
150.0	2.988372093023256
151.0	2.988372093023256
152.0	2.9885057471264367
153.0	2.9886363636363638
154.0	2.9886363636363638
155.0	2.9887640449438204
156.0	2.9887640449438204
157.0	2.9887640449438204
158.0	2.988888888888889
159.0	2.988888888888889
160.0	2.988888888888889
161.0	2.989010989010989
162.0	2.989130434782609
163.0	2.989247311827957
164.0	2.989247311827957
165.0	2.9893617021276597
166.0	2.9893617021276597
167.0	2.9893617021276597
168.0	2.9893617021276597
169.0	2.9894736842105263
170.0	2.9894736842105263
171.0	2.9895833333333335
172.0	2.9895833333333335
173.0	2.9895833333333335
174.0	2.9896907216494846
175.0	2.989795918367347
176.0	2.98989898989899
177.0	2.98989898989899
178.0	2.99
179.0	2.99009900990099
180.0	2.9901960784313726
181.0	2.9902912621359223
182.0	2.9902912621359223
183.0	2.9902912621359223
184.0	2.9902912621359223
185.0	2.9902912621359223
186.0	2.9902912621359223
187.0	2.9903846153846154
188.0	2.9904761904761905
189.0	2.990566037735849
190.0	2.990566037735849
191.0	2.9906542056074765
192.0	2.990740740740741
193.0	2.990740740740741
194.0	2.990740740740741
195.0	2.9908256880733943
196.0	2.9908256880733943
197.0	2.9909090909090907
198.0	2.9909090909090907
199.0	2.9909090909090907
200.0	2.9909090909090907
201.0	2.9909090909090907
202.0	2.990990990990991
203.0	2.990990990990991
204.0	2.990990990990991
205.0	2.9910714285714284
206.0	2.9911504424778763
207.0	2.991228070175439
208.0	2.991228070175439
209.0	2.991228070175439
210.0	2.991228070175439
211.0	2.991304347826087
212.0	2.991304347826087
213.0	2.991304347826087
214.0	2.9913793103448274
215.0	2.9913793103448274
216.0	2.9913793103448274
217.0	2.9914529914529915
218.0	2.9915254237288136
219.0	2.991596638655462
220.0	2.9916666666666667
221.0	2.9916666666666667
222.0	2.9917355371900825
223.0	2.9917355371900825
224.0	2.9917355371900825
225.0	2.9917355371900825
226.0	2.9917355371900825
227.0	2.9918032786885247
228.0	2.9918032786885247
229.0	2.991869918699187
230.0	2.9919354838709675
231.0	2.992
232.0	2.992
233.0	2.992
234.0	2.992
235.0	2.992
236.0	2.992063492063492
237.0	2.992063492063492
238.0	2.9921259842519685
239.0	2.9921259842519685
240.0	2.9921875
241.0	2.992248062015504
242.0	2.9923076923076923
243.0	2.9923664122137406
244.0	2.9923664122137406
245.0	2.9923664122137406
246.0	2.9923664122137406
247.0	2.992424242424242
248.0	2.992481203007519
249.0	2.992481203007519
250.0	2.992481203007519
251.0	2.992481203007519
252.0	2.992481203007519
253.0	2.992481203007519
254.0	2.9925373134328357
255.0	2.9925373134328357
256.0	2.9925373134328357
257.0	2.9925373134328357
258.0	2.9925925925925925
259.0	2.9925925925925925
260.0	2.9926470588235294
261.0	2.9926470588235294
262.0	2.9927007299270074
263.0	2.9927536231884058
264.0	2.9927536231884058
265.0	2.9928057553956835
266.0	2.9928057553956835
267.0	2.992857142857143
268.0	2.99290780141844
269.0	2.992957746478873
270.0	2.992957746478873
271.0	2.992957746478873
272.0	2.992957746478873
273.0	2.993006993006993
274.0	2.993006993006993
275.0	2.993006993006993
276.0	2.9930555555555554
277.0	2.9931034482758623
278.0	2.9931034482758623
279.0	2.993150684931507
280.0	2.993197278911565
281.0	2.9932432432432434
282.0	2.9932432432432434
283.0	2.9932432432432434
284.0	2.9932885906040267
285.0	2.993333333333333
286.0	2.993377483443709
287.0	2.9934210526315788
288.0	2.9934210526315788
289.0	2.9934640522875817
290.0	2.9934640522875817
291.0	2.9934640522875817
292.0	2.9935064935064934
293.0	2.9935483870967743
294.0	2.9935897435897436
295.0	2.9936305732484074
296.0	2.9936305732484074
297.0	2.9936708860759493
298.0	2.9936708860759493
299.0	2.9936708860759493
300.0	2.993710691823899
301.0	2.99375
302.0	2.9937888198757765
303.0	2.993827160493827
304.0	2.9938650306748467
305.0	2.9939024390243905
306.0	2.9939024390243905
307.0	2.9939024390243905
308.0	2.9939024390243905
309.0	2.993939393939394
310.0	2.993939393939394
311.0	2.9939759036144578
312.0	2.9940119760479043
313.0	2.9940119760479043
314.0	2.994047619047619
315.0	2.994047619047619
316.0	2.9940828402366866
317.0	2.9941176470588236
318.0	2.9941176470588236
319.0	2.9941176470588236
320.0	2.9941520467836256
321.0	2.994186046511628
322.0	2.994219653179191
323.0	2.994219653179191
324.0	2.9942528735632186
325.0	2.994285714285714
326.0	2.994285714285714
327.0	2.9943181818181817
328.0	2.994350282485876
329.0	2.994350282485876
330.0	2.99438202247191
331.0	2.994413407821229
332.0	2.994413407821229
333.0	2.994413407821229
334.0	2.9944444444444445
335.0	2.9944444444444445
336.0	2.9944444444444445
337.0	2.994475138121547
338.0	2.994475138121547
339.0	2.9945054945054945
340.0	2.9945054945054945
341.0	2.9945054945054945
342.0	2.9945355191256833
343.0	2.9945355191256833
344.0	2.9945355191256833
345.0	2.994565217391304
346.0	2.9945945945945946
347.0	2.9946236559139785
348.0	2.9946524064171123
349.0	2.9946524064171123
350.0	2.9946524064171123
351.0	2.9946524064171123
352.0	2.9946524064171123
353.0	2.99468085106383
354.0	2.994708994708995
355.0	2.9947368421052634
356.0	2.9947368421052634
357.0	2.9947368421052634
358.0	2.994764397905759
359.0	2.994764397905759
360.0	2.9947916666666665
361.0	2.9947916666666665
362.0	2.994818652849741
363.0	2.9948453608247423
364.0	2.9948453608247423
365.0	2.994871794871795
366.0	2.9948979591836733
367.0	2.9948979591836733
368.0	2.9948979591836733
369.0	2.9948979591836733
370.0	2.9948979591836733
371.0	2.99492385786802
372.0	2.994949494949495
373.0	2.994949494949495
374.0	2.9949748743718594
375.0	2.995
376.0	2.9950248756218905
377.0	2.9950248756218905
378.0	2.995049504950495
379.0	2.995049504950495
380.0	2.995049504950495
381.0	2.995049504950495
382.0	2.995049504950495
383.0	2.9950738916256157
384.0	2.9950738916256157
385.0	2.9950738916256157
386.0	2.9950980392156863
387.0	2.995121951219512
388.0	2.995121951219512
389.0	2.995145631067961
390.0	2.995145631067961
391.0	2.995145631067961
392.0	2.995169082125604
393.0	2.995169082125604
394.0	2.995169082125604
395.0	2.9951923076923075
396.0	2.9952153110047846
397.0	2.9952380952380953
398.0	2.995260663507109
399.0	2.995260663507109
400.0	2.995260663507109
401.0	2.9952830188679247
402.0	2.995305164319249
403.0	2.995305164319249
404.0	2.9953271028037385
405.0	2.9953271028037385
406.0	2.9953488372093022
407.0	2.9953703703703702
408.0	2.9953917050691246
409.0	2.9953917050691246
410.0	2.9954128440366974
411.0	2.9954128440366974
412.0	2.9954128440366974
413.0	2.9954337899543377
414.0	2.9954545454545456
415.0	2.995475113122172
416.0	2.9954954954954953
417.0	2.9954954954954953
418.0	2.995515695067265
419.0	2.995515695067265
420.0	2.9955357142857144
421.0	2.9955357142857144
422.0	2.9955555555555557
423.0	2.9955555555555557
424.0	2.995575221238938
425.0	2.995575221238938
426.0	2.995575221238938
427.0	2.995594713656388
428.0	2.995614035087719
429.0	2.995633187772926
430.0	2.995633187772926
431.0	2.9956521739130433
432.0	2.9956709956709955
433.0	2.9956709956709955
434.0	2.9956896551724137
435.0	2.995708154506438
436.0	2.995708154506438
437.0	2.9957264957264957
438.0	2.9957264957264957
439.0	2.9957446808510637
440.0	2.9957627118644066
441.0	2.9957805907172994
442.0	2.995798319327731
443.0	2.995798319327731
444.0	2.99581589958159
445.0	2.99581589958159
446.0	2.99581589958159
447.0	2.99581589958159
448.0	2.995833333333333
449.0	2.995850622406639
450.0	2.9958677685950414
451.0	2.9958847736625516
452.0	2.9959016393442623
453.0	2.9959183673469387
454.0	2.9959183673469387
455.0	2.9959183673469387
456.0	2.9959183673469387
457.0	2.9959349593495936
458.0	2.9959349593495936
459.0	2.9959349593495936
460.0	2.9959514170040484
461.0	2.9959514170040484
462.0	2.9959514170040484
463.0	2.9919354838709675
464.0	2.9919678714859437
465.0	2.992
466.0	2.99203187250996
467.0	2.99203187250996
468.0	2.992063492063492
469.0	2.992063492063492
470.0	2.992094861660079
471.0	2.9921259842519685
472.0	2.992156862745098
473.0	2.992156862745098
474.0	2.9921875
475.0	2.992217898832685
476.0	2.992248062015504
477.0	2.992248062015504
478.0	2.9922779922779923
479.0	2.9922779922779923
480.0	2.9922779922779923
481.0	2.9923076923076923
482.0	2.9923076923076923
483.0	2.9923076923076923
484.0	2.9923076923076923
485.0	2.992337164750958
486.0	2.992337164750958
487.0	2.9923664122137406
488.0	2.9923954372623576
489.0	2.9923954372623576
490.0	2.9923954372623576
491.0	2.992424242424242
492.0	2.9924528301886792
493.0	2.992481203007519
494.0	2.992481203007519
495.0	2.99250936329588
496.0	2.9925373134328357
497.0	2.992565055762082
498.0	2.9925925925925925
499.0	2.9925925925925925
500.0	2.9925925925925925
501.0	2.9925925925925925
502.0	2.992619926199262
503.0	2.9926470588235294
504.0	2.9926739926739927
505.0	2.9927007299270074
506.0	2.9927007299270074
507.0	2.9927007299270074
508.0	2.9927007299270074
509.0	2.9927272727272727
510.0	2.9927536231884058
511.0	2.9927797833935017
512.0	2.9928057553956835
513.0	2.9928057553956835
514.0	2.992831541218638
515.0	2.992831541218638
516.0	2.992831541218638
517.0	2.992857142857143
518.0	2.992857142857143
519.0	2.992857142857143
520.0	2.992857142857143
521.0	2.99288256227758
522.0	2.99290780141844
523.0	2.9929328621908127
524.0	2.992957746478873
525.0	2.992982456140351
526.0	2.993006993006993
527.0	2.9930313588850175
528.0	2.9930555555555554
529.0	2.9930555555555554
530.0	2.9930555555555554
531.0	2.9930555555555554
532.0	2.9930795847750864
533.0	2.9931034482758623
534.0	2.9931034482758623
535.0	2.9931034482758623
536.0	2.993127147766323
537.0	2.993127147766323
538.0	2.993150684931507
539.0	2.993174061433447
540.0	2.993197278911565
541.0	2.993197278911565
542.0	2.993197278911565
543.0	2.993220338983051
544.0	2.993220338983051
545.0	2.9932432432432434
546.0	2.993265993265993
547.0	2.993265993265993
548.0	2.9932885906040267
549.0	2.9933110367892977
550.0	2.993333333333333
551.0	2.993333333333333
552.0	2.993333333333333
553.0	2.993355481727575
554.0	2.993377483443709
555.0	2.9933993399339935
556.0	2.9934210526315788
557.0	2.9934210526315788
558.0	2.9934210526315788
559.0	2.9934426229508198
560.0	2.9934426229508198
561.0	2.9934640522875817
562.0	2.993485342019544
563.0	2.993485342019544
564.0	2.993485342019544
565.0	2.9935064935064934
566.0	2.9935064935064934
567.0	2.9935275080906147
568.0	2.9935275080906147
569.0	2.9935275080906147
570.0	2.9935275080906147
571.0	2.9935483870967743
572.0	2.9935483870967743
573.0	2.9935483870967743
574.0	2.9935691318327975
575.0	2.9935897435897436
576.0	2.9936102236421727
577.0	2.9936102236421727
578.0	2.9936305732484074
579.0	2.9936507936507937
580.0	2.9936507936507937
581.0	2.9936507936507937
582.0	2.9936708860759493
583.0	2.9936708860759493
584.0	2.993690851735016
585.0	2.993710691823899
586.0	2.993730407523511
587.0	2.99375
588.0	2.99375
589.0	2.99375
590.0	2.99375
591.0	2.9937694704049846
592.0	2.9937694704049846
593.0	2.9937694704049846
594.0	2.9937694704049846
595.0	2.9937694704049846
596.0	2.9937694704049846
597.0	2.9937694704049846
598.0	2.9937888198757765
599.0	2.9938080495356036
600.0	2.993827160493827
601.0	2.993827160493827
602.0	2.993827160493827
603.0	2.993827160493827
604.0	2.993827160493827
605.0	2.993846153846154
606.0	2.993846153846154
607.0	2.993846153846154
608.0	2.9938650306748467
609.0	2.9938650306748467
610.0	2.99388379204893
611.0	2.99388379204893
612.0	2.99388379204893
613.0	2.9939024390243905
614.0	2.9939024390243905
615.0	2.9939209726443767
616.0	2.993939393939394
617.0	2.9939577039274923
618.0	2.9939577039274923
619.0	2.9939759036144578
620.0	2.993993993993994
621.0	2.993993993993994
622.0	2.993993993993994
623.0	2.9940119760479043
624.0	2.994029850746269
625.0	2.994047619047619
626.0	2.99406528189911
627.0	2.9940828402366866
628.0	2.994100294985251
629.0	2.9941176470588236
630.0	2.9941176470588236
631.0	2.994134897360704
632.0	2.9941520467836256
633.0	2.9941520467836256
634.0	2.9941690962099123
635.0	2.9941690962099123
636.0	2.9941690962099123
637.0	2.9941690962099123
638.0	2.994186046511628
639.0	2.9942028985507245
640.0	2.9942028985507245
641.0	2.9942028985507245
642.0	2.9942028985507245
643.0	2.994219653179191
644.0	2.994219653179191
645.0	2.994236311239193
646.0	2.994236311239193
647.0	2.9942528735632186
648.0	2.9942528735632186
649.0	2.9942528735632186
650.0	2.9942528735632186
651.0	2.9942528735632186
652.0	2.994269340974212
653.0	2.994285714285714
654.0	2.994285714285714
655.0	2.994285714285714
656.0	2.994285714285714
657.0	2.994285714285714
658.0	2.994285714285714
659.0	2.994301994301994
660.0	2.994301994301994
661.0	2.9943181818181817
662.0	2.9943342776203967
663.0	2.9943342776203967
664.0	2.994350282485876
665.0	2.994350282485876
666.0	2.994350282485876
667.0	2.9943661971830986
668.0	2.99438202247191
669.0	2.99438202247191
670.0	2.9943977591036415
671.0	2.9943977591036415
672.0	2.9943977591036415
673.0	2.994413407821229
674.0	2.9944289693593316
675.0	2.9944289693593316
676.0	2.9944289693593316
677.0	2.9944289693593316
678.0	2.9944289693593316
679.0	2.9944444444444445
680.0	2.9944444444444445
681.0	2.994459833795014
682.0	2.994475138121547
683.0	2.994490358126722
684.0	2.994490358126722
685.0	2.994490358126722
686.0	2.9945054945054945
687.0	2.9945205479452053
688.0	2.9945205479452053
689.0	2.9945205479452053
690.0	2.9945205479452053
691.0	2.9945205479452053
692.0	2.9945205479452053
693.0	2.9945355191256833
694.0	2.9945355191256833
695.0	2.994550408719346
696.0	2.994550408719346
697.0	2.994565217391304
698.0	2.994565217391304
699.0	2.994579945799458
700.0	2.994579945799458
701.0	2.9945945945945946
702.0	2.9945945945945946
703.0	2.9946091644204853
704.0	2.9946091644204853
705.0	2.9946236559139785
706.0	2.9946236559139785
707.0	2.994638069705094
708.0	2.994638069705094
709.0	2.9946524064171123
710.0	2.994666666666667
711.0	2.99468085106383
712.0	2.99468085106383
713.0	2.9946949602122017
714.0	2.994708994708995
715.0	2.994722955145119
716.0	2.9947368421052634
717.0	2.994750656167979
718.0	2.994764397905759
719.0	2.994764397905759
720.0	2.994764397905759
721.0	2.9947780678851177
722.0	2.9947780678851177
723.0	2.9947780678851177
724.0	2.9947916666666665
725.0	2.994805194805195
726.0	2.994805194805195
727.0	2.994805194805195
728.0	2.994805194805195
729.0	2.994818652849741
730.0	2.994818652849741
731.0	2.994832041343669
732.0	2.994832041343669
733.0	2.994832041343669
734.0	2.994832041343669
735.0	2.9948453608247423
736.0	2.9948453608247423
737.0	2.9948453608247423
738.0	2.994858611825193
739.0	2.994871794871795
740.0	2.9948849104859336
741.0	2.9948979591836733
742.0	2.9948979591836733
743.0	2.994910941475827
744.0	2.99492385786802
745.0	2.99492385786802
746.0	2.9949367088607595
747.0	2.994949494949495
748.0	2.994962216624685
749.0	2.9949748743718594
750.0	2.9949748743718594
751.0	2.9949748743718594
752.0	2.9949748743718594
753.0	2.9949748743718594
754.0	2.9949874686716793
755.0	2.9949874686716793
756.0	2.995
757.0	2.9950124688279303
758.0	2.9950248756218905
759.0	2.9950248756218905
760.0	2.9950372208436726
761.0	2.9950372208436726
762.0	2.995049504950495
763.0	2.995061728395062
764.0	2.9950738916256157
765.0	2.9950738916256157
766.0	2.995085995085995
767.0	2.9950980392156863
768.0	2.9951100244498776
769.0	2.995121951219512
770.0	2.995133819951338
771.0	2.995133819951338
772.0	2.995145631067961
773.0	2.9951573849878934
774.0	2.9951573849878934
775.0	2.9951573849878934
776.0	2.995169082125604
777.0	2.995169082125604
778.0	2.995180722891566
779.0	2.9951923076923075
780.0	2.9951923076923075
781.0	2.9952038369304557
782.0	2.9952153110047846
783.0	2.9952267303102627
784.0	2.9952380952380953
785.0	2.995249406175772
786.0	2.995260663507109
787.0	2.995260663507109
788.0	2.995260663507109
789.0	2.995260663507109
790.0	2.995260663507109
791.0	2.995260663507109
792.0	2.9952718676122934
793.0	2.9952718676122934
794.0	2.9952830188679247
795.0	2.9952941176470587
796.0	2.9952941176470587
797.0	2.9952941176470587
798.0	2.9952941176470587
799.0	2.9952941176470587
800.0	2.995305164319249
801.0	2.9953161592505855
802.0	2.9953271028037385
803.0	2.9953379953379953
804.0	2.9953488372093022
805.0	2.9953488372093022
806.0	2.9953596287703017
807.0	2.9953703703703702
808.0	2.9953703703703702
809.0	2.9953703703703702
810.0	2.995381062355658
811.0	2.9953917050691246
812.0	2.995402298850575
813.0	2.9954128440366974
814.0	2.9954128440366974
815.0	2.995423340961098
816.0	2.995423340961098
817.0	2.9954337899543377
818.0	2.9954337899543377
819.0	2.9954441913439633
820.0	2.9954545454545456
821.0	2.9954545454545456
822.0	2.9954545454545456
823.0	2.9954545454545456
824.0	2.99546485260771
825.0	2.99546485260771
826.0	2.99546485260771
827.0	2.99546485260771
828.0	2.995475113122172
829.0	2.99548532731377
830.0	2.9954954954954953
831.0	2.995505617977528
832.0	2.995505617977528
833.0	2.995505617977528
834.0	2.995515695067265
835.0	2.995515695067265
836.0	2.995515695067265
837.0	2.995515695067265
838.0	2.995515695067265
839.0	2.995525727069351
840.0	2.9955357142857144
841.0	2.9955357142857144
842.0	2.9955456570155903
843.0	2.9955555555555557
844.0	2.9955654101995566
845.0	2.9955654101995566
846.0	2.995575221238938
847.0	2.9955849889624724
848.0	2.995594713656388
849.0	2.9956043956043956
850.0	2.995614035087719
851.0	2.995614035087719
852.0	2.995614035087719
853.0	2.9956236323851204
854.0	2.9956236323851204
855.0	2.995633187772926
856.0	2.995633187772926
857.0	2.995633187772926
858.0	2.995633187772926
859.0	2.995633187772926
860.0	2.9956427015250546
861.0	2.9956521739130433
862.0	2.9956521739130433
863.0	2.9956521739130433
864.0	2.995661605206074
865.0	2.9956709956709955
866.0	2.9956709956709955
867.0	2.9956709956709955
868.0	2.9956803455723544
869.0	2.9956896551724137
870.0	2.9956989247311827
871.0	2.9956989247311827
872.0	2.995708154506438
873.0	2.9957173447537473
874.0	2.9957173447537473
875.0	2.9957264957264957
876.0	2.9957264957264957
877.0	2.9957264957264957
878.0	2.9957356076759063
879.0	2.9957356076759063
880.0	2.9957356076759063
881.0	2.9957356076759063
882.0	2.9957356076759063
883.0	2.9957356076759063
884.0	2.9957356076759063
885.0	2.9957356076759063
886.0	2.9957446808510637
887.0	2.9957537154989384
888.0	2.9957627118644066
889.0	2.9957627118644066
890.0	2.9957627118644066
891.0	2.995771670190275
892.0	2.9957805907172994
893.0	2.9957894736842103
894.0	2.9957894736842103
895.0	2.9957894736842103
896.0	2.9957894736842103
897.0	2.9957894736842103
898.0	2.995798319327731
899.0	2.995798319327731
900.0	2.9958071278825997
901.0	2.9958071278825997
902.0	2.99581589958159
903.0	2.99581589958159
904.0	2.99581589958159
905.0	2.9958246346555324
906.0	2.995833333333333
907.0	2.995841995841996
908.0	2.995841995841996
909.0	2.995841995841996
910.0	2.995841995841996
911.0	2.995850622406639
912.0	2.995850622406639
913.0	2.995850622406639
914.0	2.9958592132505175
915.0	2.9958592132505175
916.0	2.9958677685950414
917.0	2.995876288659794
918.0	2.995876288659794
919.0	2.995876288659794
920.0	2.9958847736625516
921.0	2.995893223819302
922.0	2.9959016393442623
923.0	2.9959100204498976
924.0	2.9959183673469387
925.0	2.9959183673469387
926.0	2.9959183673469387
927.0	2.9959266802443993
928.0	2.9959349593495936
929.0	2.9959349593495936
930.0	2.9959349593495936
931.0	2.995943204868154
932.0	2.995943204868154
933.0	2.9959514170040484
934.0	2.995959595959596
935.0	2.995959595959596
936.0	2.995959595959596
937.0	2.995959595959596
938.0	2.995959595959596
939.0	2.995959595959596
940.0	2.995959595959596
941.0	2.995967741935484
942.0	2.995967741935484
943.0	2.995967741935484
944.0	2.995967741935484
945.0	2.995967741935484
946.0	2.995975855130785
947.0	2.995983935742972
948.0	2.995983935742972
949.0	2.995983935742972
950.0	2.995983935742972
951.0	2.995991983967936
952.0	2.996
953.0	2.996007984031936
954.0	2.996007984031936
955.0	2.996007984031936
956.0	2.996007984031936
957.0	2.996007984031936
958.0	2.996007984031936
959.0	2.996007984031936
960.0	2.99601593625498
961.0	2.996023856858847
962.0	2.996023856858847
963.0	2.996023856858847
964.0	2.996023856858847
965.0	2.996023856858847
966.0	2.996023856858847
967.0	2.996031746031746
968.0	2.996031746031746
969.0	2.996039603960396
970.0	2.996039603960396
971.0	2.996039603960396
972.0	2.996039603960396
973.0	2.996039603960396
974.0	2.9960474308300395
975.0	2.9960474308300395
976.0	2.9960552268244576
977.0	2.9960629921259843
978.0	2.9960629921259843
979.0	2.9960707269155207
980.0	2.9960707269155207
981.0	2.996078431372549
982.0	2.996078431372549
983.0	2.996086105675147
984.0	2.996086105675147
985.0	2.996086105675147
986.0	2.996086105675147
987.0	2.99609375
988.0	2.99609375
989.0	2.996101364522417
990.0	2.996101364522417
991.0	2.9961089494163424
992.0	2.9961165048543688
993.0	2.9961165048543688
994.0	2.996124031007752
995.0	2.996131528046422
996.0	2.996131528046422
997.0	2.996131528046422
998.0	2.996131528046422
999.0	2.996131528046422
1000.0	2.996131528046422
1001.0	2.996131528046422
1002.0	2.996131528046422
1003.0	2.996131528046422
1004.0	2.996138996138996
1005.0	2.996146435452794
1006.0	2.996153846153846
1007.0	2.996153846153846
1008.0	2.996153846153846
1009.0	2.9961612284069097
1010.0	2.9961612284069097
1011.0	2.9961612284069097
1012.0	2.996168582375479
1013.0	2.9961759082217974
1014.0	2.99618320610687
1015.0	2.9961904761904763
1016.0	2.9961977186311786
1017.0	2.9962049335863377
1018.0	2.9962049335863377
1019.0	2.9962049335863377
1020.0	2.9962049335863377
1021.0	2.996212121212121
1022.0	2.996212121212121
1023.0	2.996212121212121
1024.0	2.996219281663516
1025.0	2.996219281663516
1026.0	2.996219281663516
1027.0	2.9962264150943394
1028.0	2.9962335216572504
1029.0	2.9962406015037595
1030.0	2.99624765478424
1031.0	2.99624765478424
1032.0	2.9962546816479403
1033.0	2.9962546816479403
1034.0	2.9962616822429906
1035.0	2.9962616822429906
1036.0	2.9962616822429906
1037.0	2.996268656716418
1038.0	2.996268656716418
1039.0	2.996275605214153
1040.0	2.996282527881041
1041.0	2.996282527881041
1042.0	2.996282527881041
1043.0	2.9962894248608536
1044.0	2.9962894248608536
1045.0	2.9962894248608536
1046.0	2.9962894248608536
1047.0	2.9962962962962965
1048.0	2.9962962962962965
1049.0	2.9963031423290203
1050.0	2.9963031423290203
1051.0	2.9963031423290203
1052.0	2.9963031423290203
1053.0	2.9963031423290203
1054.0	2.996309963099631
1055.0	2.996309963099631
1056.0	2.9963167587476978
1057.0	2.9963235294117645
1058.0	2.9963235294117645
1059.0	2.9963235294117645
1060.0	2.996330275229358
1061.0	2.996330275229358
1062.0	2.996330275229358
1063.0	2.9963369963369964
1064.0	2.996343692870201
1065.0	2.996343692870201
1066.0	2.9963503649635035
1067.0	2.9963503649635035
1068.0	2.9963503649635035
1069.0	2.9963503649635035
1070.0	2.9963570127504555
1071.0	2.9963570127504555
1072.0	2.9963636363636366
1073.0	2.9963702359346644
1074.0	2.996376811594203
1075.0	2.996383363471971
1076.0	2.996383363471971
1077.0	2.996383363471971
1078.0	2.996383363471971
1079.0	2.996383363471971
1080.0	2.996383363471971
1081.0	2.996383363471971
1082.0	2.996389891696751
1083.0	2.996389891696751
1084.0	2.996389891696751
1085.0	2.996389891696751
1086.0	2.996389891696751
1087.0	2.9963963963963964
1088.0	2.9963963963963964
1089.0	2.9963963963963964
1090.0	2.9963963963963964
1091.0	2.9963963963963964
1092.0	2.9964028776978417
1093.0	2.9964093357271095
1094.0	2.996415770609319
1095.0	2.9964221824686943
1096.0	2.9964285714285714
1097.0	2.9964349376114083
1098.0	2.9964349376114083
1099.0	2.9964349376114083
1100.0	2.9964349376114083
1101.0	2.9964349376114083
1102.0	2.99644128113879
1103.0	2.996447602131439
1104.0	2.99645390070922
1105.0	2.9964601769911505
1106.0	2.9964664310954063
1107.0	2.99647266313933
1108.0	2.99647266313933
1109.0	2.9964788732394365
1110.0	2.9964850615114234
1111.0	2.9964912280701754
1112.0	2.9964912280701754
1113.0	2.996497373029772
1114.0	2.9965034965034967
1115.0	2.9965034965034967
1116.0	2.9965034965034967
1117.0	2.9965034965034967
1118.0	2.9965034965034967
1119.0	2.9965095986038395
1120.0	2.9965095986038395
1121.0	2.9965095986038395
1122.0	2.9965156794425085
1123.0	2.9965217391304346
1124.0	2.9965217391304346
1125.0	2.9965277777777777
1126.0	2.9965277777777777
1127.0	2.996533795493934
1128.0	2.9965397923875434
1129.0	2.9965397923875434
1130.0	2.996545768566494
1131.0	2.996551724137931
1132.0	2.9965576592082614
1133.0	2.9965635738831615
1134.0	2.9965694682675816
1135.0	2.9965694682675816
1136.0	2.9965694682675816
1137.0	2.9965753424657535
1138.0	2.9965811965811966
1139.0	2.9965870307167237
1140.0	2.9965870307167237
1141.0	2.9965928449744466
1142.0	2.9965928449744466
1143.0	2.9965928449744466
1144.0	2.996598639455782
1145.0	2.9966044142614603
1146.0	2.9966044142614603
1147.0	2.9966101694915253
1148.0	2.996615905245347
1149.0	2.9966216216216215
1150.0	2.9966216216216215
1151.0	2.9966216216216215
1152.0	2.996627318718381
1153.0	2.9966329966329965
1154.0	2.9966329966329965
1155.0	2.9966329966329965
1156.0	2.996638655462185
1157.0	2.9966442953020134
1158.0	2.9966442953020134
1159.0	2.9966442953020134
1160.0	2.9966442953020134
1161.0	2.996649916247906
1162.0	2.9966555183946486
1163.0	2.9966555183946486
1164.0	2.9966555183946486
1165.0	2.996661101836394
1166.0	2.996661101836394
1167.0	2.9966666666666666
1168.0	2.9966722129783694
1169.0	2.9966777408637872
1170.0	2.9966777408637872
1171.0	2.9966777408637872
1172.0	2.9966832504145935
1173.0	2.9966832504145935
1174.0	2.9966887417218544
1175.0	2.996694214876033
1176.0	2.9966996699669965
1177.0	2.9966996699669965
1178.0	2.99670510708402
1179.0	2.99670510708402
1180.0	2.9967105263157894
1181.0	2.9967105263157894
1182.0	2.9967159277504103
1183.0	2.9967159277504103
1184.0	2.9967159277504103
1185.0	2.99672131147541
1186.0	2.9967266775777412
1187.0	2.9967266775777412
1188.0	2.9967266775777412
1189.0	2.9967266775777412
1190.0	2.9967266775777412
1191.0	2.9967266775777412
1192.0	2.996732026143791
1193.0	2.9967373572593803
1194.0	2.9967373572593803
1195.0	2.996742671009772
1196.0	2.9967479674796746
1197.0	2.9967479674796746
1198.0	2.9967479674796746
1199.0	2.9967479674796746
1200.0	2.9967479674796746
1201.0	2.9967532467532467
1202.0	2.9967585089141004
1203.0	2.9967585089141004
1204.0	2.9967637540453076
1205.0	2.996768982229402
1206.0	2.996774193548387
1207.0	2.996779388083736
1208.0	2.996779388083736
1209.0	2.9967845659163985
1210.0	2.9967897271268056
1211.0	2.996794871794872
1212.0	2.9968
1213.0	2.9968
1214.0	2.9968051118210863
1215.0	2.996810207336523
1216.0	2.996810207336523
1217.0	2.996810207336523
1218.0	2.9968152866242037
1219.0	2.9968203497615264
1220.0	2.996825396825397
1221.0	2.996825396825397
1222.0	2.9968304278922346
1223.0	2.9968354430379747
1224.0	2.9968404423380726
1225.0	2.996845425867508
1226.0	2.9968503937007873
1227.0	2.9968503937007873
1228.0	2.99685534591195
1229.0	2.99685534591195
1230.0	2.99685534591195
1231.0	2.9968602825745685
1232.0	2.9968602825745685
1233.0	2.9968602825745685
1234.0	2.9968652037617556
1235.0	2.9968652037617556
1236.0	2.9968652037617556
1237.0	2.9968652037617556
1238.0	2.996870109546166
1239.0	2.996875
1240.0	2.996875
1241.0	2.996879875195008
1242.0	2.996879875195008
1243.0	2.9968847352024923
1244.0	2.9968895800933124
1245.0	2.9968895800933124
1246.0	2.9968944099378882
1247.0	2.9968944099378882
1248.0	2.9968992248062016
1249.0	2.9968992248062016
1250.0	2.996904024767802
1251.0	2.996908809891808
1252.0	2.996908809891808
1253.0	2.996908809891808
1254.0	2.996913580246914
1255.0	2.996913580246914
1256.0	2.9969183359013867
1257.0	2.9969183359013867
1258.0	2.9969183359013867
1259.0	2.996923076923077
1260.0	2.996923076923077
1261.0	2.996927803379416
1262.0	2.996927803379416
1263.0	2.996927803379416
1264.0	2.996927803379416
1265.0	2.996927803379416
1266.0	2.996932515337423
1267.0	2.996937212863706
1268.0	2.996941896024465
1269.0	2.996941896024465
1270.0	2.996941896024465
1271.0	2.996941896024465
1272.0	2.996946564885496
1273.0	2.996946564885496
1274.0	2.9969512195121952
1275.0	2.9969512195121952
1276.0	2.9969512195121952
1277.0	2.9969512195121952
1278.0	2.9969558599695585
1279.0	2.9969558599695585
1280.0	2.9969558599695585
1281.0	2.9969604863221884
1282.0	2.9969604863221884
1283.0	2.9969604863221884
1284.0	2.9969650986342944
1285.0	2.996969696969697
1286.0	2.996969696969697
1287.0	2.996969696969697
1288.0	2.996969696969697
1289.0	2.996969696969697
1290.0	2.996969696969697
1291.0	2.9969742813918305
1292.0	2.9969742813918305
1293.0	2.9969742813918305
1294.0	2.9969742813918305
1295.0	2.996978851963746
1296.0	2.996978851963746
1297.0	2.9969834087481146
1298.0	2.9969834087481146
1299.0	2.996987951807229
1300.0	2.9969924812030073
1301.0	2.9969924812030073
1302.0	2.996996996996997
1303.0	2.996996996996997
1304.0	2.997001499250375
1305.0	2.997005988023952
1306.0	2.997005988023952
1307.0	2.9970104633781762
1308.0	2.9970104633781762
1309.0	2.997014925373134
1310.0	2.9970193740685542
1311.0	2.9970238095238093
1312.0	2.9970238095238093
1313.0	2.9970282317979198
1314.0	2.9970282317979198
1315.0	2.9970282317979198
1316.0	2.9970282317979198
1317.0	2.9970282317979198
1318.0	2.9970326409495547
1319.0	2.9970326409495547
1320.0	2.997037037037037
1321.0	2.997037037037037
1322.0	2.997041420118343
1323.0	2.997041420118343
1324.0	2.9970457902511076
1325.0	2.9970457902511076
1326.0	2.9970457902511076
1327.0	2.9970457902511076
1328.0	2.9970501474926254
1329.0	2.9970544918998527
1330.0	2.9970544918998527
1331.0	2.9970588235294118
1332.0	2.9970631424375918
1333.0	2.997067448680352
1334.0	2.997067448680352
1335.0	2.997067448680352
1336.0	2.9970717423133237
1337.0	2.9970717423133237
1338.0	2.9970717423133237
1339.0	2.997076023391813
1340.0	2.997080291970803
1341.0	2.997080291970803
1342.0	2.997080291970803
1343.0	2.997084548104956
1344.0	2.997088791848617
1345.0	2.997093023255814
1346.0	2.9970972423802613
1347.0	2.9970972423802613
1348.0	2.9970972423802613
1349.0	2.9971014492753625
1350.0	2.997105643994211
1351.0	2.997105643994211
1352.0	2.9971098265895955
1353.0	2.9971139971139973
1354.0	2.9971181556195967
1355.0	2.9971181556195967
1356.0	2.9971223021582736
1357.0	2.9971264367816093
1358.0	2.9971305595408895
1359.0	2.997134670487106
1360.0	2.997134670487106
1361.0	2.997134670487106
1362.0	2.997134670487106
1363.0	2.997134670487106
1364.0	2.9971387696709586
1365.0	2.9971428571428573
1366.0	2.9971469329529246
1367.0	2.9971469329529246
1368.0	2.9971469329529246
1369.0	2.9971509971509973
1370.0	2.997155049786629
1371.0	2.997155049786629
1372.0	2.997155049786629
1373.0	2.997155049786629
1374.0	2.997155049786629
1375.0	2.997155049786629
1376.0	2.997155049786629
1377.0	2.997159090909091
1378.0	2.997163120567376
1379.0	2.997167138810198
1380.0	2.9971711456859973
1381.0	2.9971711456859973
1382.0	2.9971711456859973
1383.0	2.9971711456859973
1384.0	2.9971711456859973
1385.0	2.9971711456859973
1386.0	2.9971711456859973
1387.0	2.9971711456859973
1388.0	2.9971711456859973
1389.0	2.9971751412429377
1390.0	2.9971751412429377
1391.0	2.9971751412429377
1392.0	2.997179125528914
1393.0	2.9971830985915493
1394.0	2.9971870604781996
1395.0	2.9971870604781996
1396.0	2.997191011235955
1397.0	2.997191011235955
1398.0	2.997191011235955
1399.0	2.997191011235955
1400.0	2.997194950911641
1401.0	2.997194950911641
1402.0	2.9971988795518207
1403.0	2.9971988795518207
1404.0	2.9971988795518207
1405.0	2.9971988795518207
1406.0	2.9972027972027973
1407.0	2.9972027972027973
1408.0	2.9972067039106145
1409.0	2.99721059972106
1410.0	2.99721059972106
1411.0	2.997214484679666
1412.0	2.997214484679666
1413.0	2.9972183588317107
1414.0	2.9972183588317107
1415.0	2.9972222222222222
1416.0	2.9972222222222222
1417.0	2.997226074895978
1418.0	2.997226074895978
1419.0	2.9972299168975067
1420.0	2.9972299168975067
1421.0	2.9972337482710927
1422.0	2.9972375690607733
1423.0	2.9972375690607733
1424.0	2.9972375690607733
1425.0	2.9972413793103447
1426.0	2.9972413793103447
1427.0	2.9972413793103447
1428.0	2.9972413793103447
1429.0	2.997245179063361
1430.0	2.9972489683631363
1431.0	2.9972489683631363
1432.0	2.9972489683631363
1433.0	2.9972527472527473
1434.0	2.9972527472527473
1435.0	2.9972565157750344
1436.0	2.9972602739726026
1437.0	2.9972602739726026
1438.0	2.9972602739726026
1439.0	2.997264021887825
1440.0	2.9972677595628414
1441.0	2.9972677595628414
1442.0	2.9972677595628414
1443.0	2.9972677595628414
1444.0	2.9972677595628414
1445.0	2.9972677595628414
1446.0	2.9972714870395634
1447.0	2.997275204359673
1448.0	2.9972789115646257
1449.0	2.9972789115646257
1450.0	2.9972789115646257
1451.0	2.9972826086956523
1452.0	2.9972826086956523
1453.0	2.9972826086956523
1454.0	2.9972826086956523
1455.0	2.9972826086956523
1456.0	2.9972826086956523
1457.0	2.9972826086956523
1458.0	2.9972862957937583
1459.0	2.9972862957937583
1460.0	2.9972862957937583
1461.0	2.997289972899729
1462.0	2.997293640054127
1463.0	2.997293640054127
1464.0	2.997297297297297
1465.0	2.997300944669366
1466.0	2.997300944669366
1467.0	2.997300944669366
1468.0	2.9973045822102424
1469.0	2.9973045822102424
1470.0	2.9973082099596233
1471.0	2.997311827956989
1472.0	2.997311827956989
1473.0	2.997315436241611
1474.0	2.997319034852547
1475.0	2.997322623828648
1476.0	2.9973262032085564
1477.0	2.9973262032085564
1478.0	2.9973262032085564
1479.0	2.9973262032085564
1480.0	2.9973297730307076
1481.0	2.9973297730307076
1482.0	2.997333333333333
1483.0	2.997333333333333
1484.0	2.9973368841544605
1485.0	2.9973368841544605
1486.0	2.9973368841544605
1487.0	2.997340425531915
1488.0	2.997340425531915
1489.0	2.997340425531915
1490.0	2.997340425531915
1491.0	2.99734395750332
1492.0	2.9973474801061006
1493.0	2.9973509933774833
1494.0	2.997354497354497
1495.0	2.9973579920739764
1496.0	2.9973614775725594
1497.0	2.9973614775725594
1498.0	2.9973614775725594
1499.0	2.997364953886693
1500.0	2.997364953886693
1501.0	2.997364953886693
1502.0	2.997364953886693
1503.0	2.9973684210526317
1504.0	2.997371879106439
1505.0	2.997371879106439
1506.0	2.9973753280839897
1507.0	2.9973753280839897
1508.0	2.99737876802097
1509.0	2.9973821989528795
1510.0	2.9973856209150327
1511.0	2.9973856209150327
1512.0	2.9973856209150327
1513.0	2.9973890339425586
1514.0	2.9973890339425586
1515.0	2.9973890339425586
1516.0	2.997392438070404
1517.0	2.9973958333333335
1518.0	2.9973958333333335
1519.0	2.9973958333333335
1520.0	2.9973958333333335
1521.0	2.9973958333333335
1522.0	2.9973958333333335
1523.0	2.9973958333333335
1524.0	2.9973992197659296
1525.0	2.9973992197659296
1526.0	2.9973992197659296
1527.0	2.9973992197659296
1528.0	2.9974025974025973
1529.0	2.9974025974025973
1530.0	2.9974059662775616
1531.0	2.9974093264248705
1532.0	2.997412677878396
1533.0	2.9974160206718348
1534.0	2.99741935483871
1535.0	2.997422680412371
1536.0	2.997422680412371
1537.0	2.997422680412371
1538.0	2.997422680412371
1539.0	2.9974259974259976
1540.0	2.9974259974259976
1541.0	2.9974259974259976
1542.0	2.9974259974259976
1543.0	2.9974293059125965
1544.0	2.9974293059125965
1545.0	2.9974293059125965
1546.0	2.9974326059050065
1547.0	2.9974326059050065
1548.0	2.9974326059050065
1549.0	2.9974326059050065
1550.0	2.9974358974358974
1551.0	2.9974391805377723
1552.0	2.9974391805377723
1553.0	2.997442455242967
1554.0	2.997442455242967
1555.0	2.9974457215836527
1556.0	2.997448979591837
1557.0	2.997452229299363
1558.0	2.9974554707379135
1559.0	2.9974554707379135
1560.0	2.9974554707379135
1561.0	2.9974554707379135
1562.0	2.9974554707379135
1563.0	2.9974554707379135
1564.0	2.9974554707379135
1565.0	2.9974554707379135
1566.0	2.9974554707379135
1567.0	2.9974554707379135
1568.0	2.997458703939009
1569.0	2.99746192893401
1570.0	2.997465145754119
1571.0	2.9974683544303797
1572.0	2.997471554993679
1573.0	2.997471554993679
1574.0	2.9974747474747474
1575.0	2.9974747474747474
1576.0	2.9974747474747474
1577.0	2.9974779319041613
1578.0	2.9974779319041613
1579.0	2.9974779319041613
1580.0	2.9974779319041613
1581.0	2.9974811083123427
1582.0	2.9974842767295597
1583.0	2.9974842767295597
1584.0	2.9974874371859297
1585.0	2.997490589711418
1586.0	2.9974937343358397
1587.0	2.997496871088861
1588.0	2.9975
1589.0	2.9975031210986267
1590.0	2.9975031210986267
1591.0	2.9975031210986267
1592.0	2.997506234413965
1593.0	2.997506234413965
1594.0	2.997506234413965
1595.0	2.9975093399750934
1596.0	2.9975093399750934
1597.0	2.9975124378109452
1598.0	2.9975124378109452
1599.0	2.9975155279503105
1600.0	2.9975155279503105
1601.0	2.997518610421836
1602.0	2.997521685254027
1603.0	2.9975247524752477
1604.0	2.9975247524752477
1605.0	2.9975278121137205
1606.0	2.9975278121137205
1607.0	2.9975308641975307
1608.0	2.9975339087546238
1609.0	2.9975339087546238
1610.0	2.997536945812808
1611.0	2.997536945812808
1612.0	2.997536945812808
1613.0	2.997536945812808
1614.0	2.997539975399754
1615.0	2.9975429975429977
1616.0	2.9975460122699387
1617.0	2.9975460122699387
1618.0	2.997549019607843
1619.0	2.997549019607843
1620.0	2.997549019607843
1621.0	2.997552019583843
1622.0	2.997555012224939
1623.0	2.997555012224939
1624.0	2.9975579975579976
1625.0	2.9975579975579976
1626.0	2.997560975609756
1627.0	2.997560975609756
1628.0	2.997560975609756
1629.0	2.997563946406821
1630.0	2.997563946406821
1631.0	2.997563946406821
1632.0	2.997563946406821
1633.0	2.997566909975669
1634.0	2.9975698663426487
1635.0	2.9975698663426487
1636.0	2.9975698663426487
1637.0	2.9975698663426487
1638.0	2.9975728155339807
1639.0	2.9975757575757576
1640.0	2.9975757575757576
1641.0	2.9975757575757576
1642.0	2.9975757575757576
1643.0	2.9975757575757576
1644.0	2.9975757575757576
1645.0	2.997578692493947
1646.0	2.997578692493947
1647.0	2.9975816203143895
1648.0	2.9975816203143895
1649.0	2.997584541062802
1650.0	2.9975874547647767
1651.0	2.9975874547647767
1652.0	2.9975874547647767
1653.0	2.9975903614457833
1654.0	2.997593261131167
1655.0	2.9975961538461537
1656.0	2.9975961538461537
1657.0	2.9975990396158463
1658.0	2.9975990396158463
1659.0	2.9975990396158463
1660.0	2.997601918465228
1661.0	2.997601918465228
1662.0	2.997601918465228
1663.0	2.9976047904191616
1664.0	2.9976076555023923
1665.0	2.9976076555023923
1666.0	2.9976076555023923
1667.0	2.9976076555023923
1668.0	2.997610513739546
1669.0	2.997610513739546
1670.0	2.9976133651551313
1671.0	2.9976133651551313
1672.0	2.9976133651551313
1673.0	2.9976162097735397
1674.0	2.9976190476190476
1675.0	2.9976190476190476
1676.0	2.9976218787158144
1677.0	2.9976218787158144
1678.0	2.9976218787158144
1679.0	2.9976218787158144
1680.0	2.9976218787158144
1681.0	2.9976218787158144
1682.0	2.9976218787158144
1683.0	2.997624703087886
1684.0	2.997627520759193
1685.0	2.997627520759193
1686.0	2.9976303317535544
1687.0	2.9976331360946746
1688.0	2.9976359338061465
1689.0	2.997638724911452
1690.0	2.9976415094339623
1691.0	2.9976415094339623
1692.0	2.9976415094339623
1693.0	2.9976415094339623
1694.0	2.9976415094339623
1695.0	2.9976415094339623
1696.0	2.9976442873969376
1697.0	2.9976470588235293
1698.0	2.9976470588235293
1699.0	2.9976470588235293
1700.0	2.99764982373678
1701.0	2.99764982373678
1702.0	2.99764982373678
1703.0	2.99764982373678
1704.0	2.99764982373678
1705.0	2.99764982373678
1706.0	2.99764982373678
1707.0	2.9976525821596245
1708.0	2.9976553341148886
1709.0	2.997658079625293
1710.0	2.997658079625293
1711.0	2.99766081871345
1712.0	2.99766081871345
1713.0	2.9976635514018692
1714.0	2.9976662777129524
1715.0	2.9976689976689976
1716.0	2.9976717112922002
1717.0	2.9976717112922002
1718.0	2.9976744186046513
1719.0	2.9976744186046513
1720.0	2.997677119628339
1721.0	2.9976798143851506
1722.0	2.9976825028968714
1723.0	2.9976825028968714
1724.0	2.9976825028968714
1725.0	2.997685185185185
1726.0	2.997687861271676
1727.0	2.997687861271676
1728.0	2.9976905311778292
1729.0	2.997693194925029
1730.0	2.9976958525345623
1731.0	2.9976958525345623
1732.0	2.9976958525345623
1733.0	2.997698504027618
1734.0	2.997698504027618
1735.0	2.997698504027618
1736.0	2.997698504027618
1737.0	2.9977011494252874
1738.0	2.9977037887485647
1739.0	2.9977037887485647
1740.0	2.9977037887485647
1741.0	2.9977037887485647
1742.0	2.9977037887485647
1743.0	2.9977037887485647
1744.0	2.9977037887485647
1745.0	2.9977037887485647
1746.0	2.9977037887485647
1747.0	2.9977064220183487
1748.0	2.997709049255441
1749.0	2.997709049255441
1750.0	2.997711670480549
1751.0	2.9977142857142858
1752.0	2.997716894977169
1753.0	2.997719498289624
1754.0	2.997722095671982
1755.0	2.997722095671982
1756.0	2.997722095671982
1757.0	2.9977246871444825
1758.0	2.9977246871444825
1759.0	2.9977272727272726
1760.0	2.9977298524404086
1761.0	2.997732426303855
1762.0	2.997734994337486
1763.0	2.997737556561086
1764.0	2.99774011299435
1765.0	2.9977426636568847
1766.0	2.9977426636568847
1767.0	2.9977452085682073
1768.0	2.9977477477477477
1769.0	2.9977477477477477
1770.0	2.9977477477477477
1771.0	2.9977477477477477
1772.0	2.997750281214848
1773.0	2.997750281214848
1774.0	2.997752808988764
1775.0	2.997755331088664
1776.0	2.997757847533632
1777.0	2.997757847533632
1778.0	2.997757847533632
1779.0	2.997757847533632
1780.0	2.9977603583426653
1781.0	2.9977603583426653
1782.0	2.9977628635346756
1783.0	2.9977653631284915
1784.0	2.9977653631284915
1785.0	2.997767857142857
1786.0	2.9977703455964324
1787.0	2.9977703455964324
1788.0	2.997772828507795
1789.0	2.997772828507795
1790.0	2.997772828507795
1791.0	2.9977753058954395
1792.0	2.997777777777778
1793.0	2.997780244173141
1794.0	2.997780244173141
1795.0	2.997782705099778
1796.0	2.9977851605758583
1797.0	2.9977851605758583
1798.0	2.9977851605758583
1799.0	2.9977851605758583
1800.0	2.997787610619469
1801.0	2.997787610619469
1802.0	2.9977900552486187
1803.0	2.9977900552486187
1804.0	2.9977924944812364
1805.0	2.997794928335171
1806.0	2.997794928335171
1807.0	2.997797356828194
1808.0	2.997797356828194
1809.0	2.997797356828194
1810.0	2.997799779977998
1811.0	2.997802197802198
1812.0	2.9978046103183313
1813.0	2.9978046103183313
1814.0	2.9978070175438596
1815.0	2.9978070175438596
1816.0	2.9978070175438596
1817.0	2.9978070175438596
1818.0	2.9978070175438596
1819.0	2.9978094194961664
1820.0	2.99781181619256
1821.0	2.9978142076502734
1822.0	2.997816593886463
1823.0	2.997816593886463
1824.0	2.997816593886463
1825.0	2.997816593886463
1826.0	2.9978189749182116
1827.0	2.9978189749182116
1828.0	2.9978189749182116
1829.0	2.9978189749182116
1830.0	2.997821350762527
1831.0	2.997823721436344
1832.0	2.997826086956522
1833.0	2.997828447339848
1834.0	2.997830802603037
1835.0	2.997830802603037
1836.0	2.997830802603037
1837.0	2.9978331527627304
1838.0	2.997835497835498
1839.0	2.997837837837838
1840.0	2.997837837837838
1841.0	2.997840172786177
1842.0	2.9978425026968716
1843.0	2.9978425026968716
1844.0	2.9978425026968716
1845.0	2.997844827586207
1846.0	2.9978471474703983
1847.0	2.9978494623655916
1848.0	2.9978517722878624
1849.0	2.9978517722878624
1850.0	2.9978517722878624
1851.0	2.9978517722878624
1852.0	2.9978517722878624
1853.0	2.9978540772532187
1854.0	2.997856377277599
1855.0	2.9978586723768736
1856.0	2.9978586723768736
1857.0	2.9978586723768736
1858.0	2.997860962566845
1859.0	2.997860962566845
1860.0	2.997863247863248
1861.0	2.9978655282817503
1862.0	2.997867803837953
1863.0	2.997867803837953
1864.0	2.9978700745473907
1865.0	2.9978700745473907
1866.0	2.9978700745473907
1867.0	2.997872340425532
1868.0	2.997874601487779
1869.0	2.997874601487779
1870.0	2.997876857749469
1871.0	2.997876857749469
1872.0	2.9978791092258747
1873.0	2.9978791092258747
1874.0	2.9978791092258747
1875.0	2.9978813559322033
1876.0	2.9978813559322033
1877.0	2.997883597883598
1878.0	2.9978858350951376
1879.0	2.9978858350951376
1880.0	2.9978880675818376
1881.0	2.9978880675818376
1882.0	2.9978880675818376
1883.0	2.99789029535865
1884.0	2.9978925184404637
1885.0	2.997894736842105
1886.0	2.997894736842105
1887.0	2.997894736842105
1888.0	2.9978969505783386
1889.0	2.9978991596638656
1890.0	2.9979013641133263
1891.0	2.9979013641133263
1892.0	2.9979013641133263
1893.0	2.9979013641133263
1894.0	2.9979035639413
1895.0	2.9979035639413
1896.0	2.9979057591623035
1897.0	2.9979057591623035
1898.0	2.997907949790795
1899.0	2.9979101358411704
1900.0	2.9979101358411704
1901.0	2.997912317327766
1902.0	2.997914494264859
1903.0	2.997914494264859
1904.0	2.997914494264859
1905.0	2.997914494264859
1906.0	2.997916666666667
1907.0	2.9979188345473466
1908.0	2.997920997920998
1909.0	2.997920997920998
1910.0	2.997920997920998
1911.0	2.997920997920998
1912.0	2.997920997920998
1913.0	2.997920997920998
1914.0	2.9979231568016615
1915.0	2.9979231568016615
1916.0	2.9979253112033195
1917.0	2.9979274611398963
1918.0	2.9979274611398963
1919.0	2.997929606625259
1920.0	2.997929606625259
1921.0	2.997929606625259
1922.0	2.997931747673216
1923.0	2.997931747673216
1924.0	2.9979338842975207
1925.0	2.997936016511868
1926.0	2.997936016511868
1927.0	2.997938144329897
1928.0	2.9979402677651907
1929.0	2.9979402677651907
1930.0	2.9979402677651907
1931.0	2.9979402677651907
1932.0	2.9979402677651907
1933.0	2.9979423868312756
1934.0	2.9979423868312756
1935.0	2.9979423868312756
1936.0	2.9979423868312756
1937.0	2.9979423868312756
1938.0	2.9979445015416237
1939.0	2.9979445015416237
1940.0	2.9979466119096507
1941.0	2.9979466119096507
1942.0	2.997948717948718
1943.0	2.997948717948718
1944.0	2.997948717948718
1945.0	2.997950819672131
1946.0	2.9979529170931425
1947.0	2.9979529170931425
1948.0	2.997955010224949
1949.0	2.9979570990806947
1950.0	2.9979570990806947
1951.0	2.9979591836734696
1952.0	2.9979591836734696
1953.0	2.99796126401631
1954.0	2.99796126401631
1955.0	2.99796126401631
1956.0	2.9979633401221997
1957.0	2.9979654120040693
1958.0	2.997967479674797
1959.0	2.997967479674797
1960.0	2.997967479674797
1961.0	2.997967479674797
1962.0	2.997967479674797
1963.0	2.997967479674797
1964.0	2.997967479674797
1965.0	2.997969543147208
1966.0	2.997971602434077
1967.0	2.9979736575481257
1968.0	2.9979757085020244
1969.0	2.9979757085020244
1970.0	2.9979757085020244
1971.0	2.9979757085020244
1972.0	2.9979777553083924
1973.0	2.997979797979798
1974.0	2.997979797979798
1975.0	2.997979797979798
1976.0	2.997981836528759
1977.0	2.997983870967742
1978.0	2.997983870967742
1979.0	2.997983870967742
1980.0	2.997985901309164
1981.0	2.997985901309164
1982.0	2.997985901309164
1983.0	2.9979879275653922
1984.0	2.9979899497487437
1985.0	2.9979899497487437
1986.0	2.997991967871486
1987.0	2.997991967871486
1988.0	2.997991967871486
1989.0	2.997991967871486
1990.0	2.997991967871486
1991.0	2.997991967871486
1992.0	2.9979939819458377
1993.0	2.9979939819458377
1994.0	2.9979939819458377
